4.152459250000000000e+06
4.347918500000000000e+06
4.481288500000000000e+06
4.617379000000000000e+06
4.823867500000000000e+06
5.030120500000000000e+06
5.168405500000000000e+06
5.308742500000000000e+06
5.516253000000000000e+06
5.655296000000000000e+06
5.864318500000000000e+06
6.071916500000000000e+06
6.207750500000000000e+06
6.345767000000000000e+06
6.552797000000000000e+06
6.687781500000000000e+06
6.890178000000000000e+06
7.090500500000000000e+06
7.223021000000000000e+06
7.352206000000000000e+06
7.548251000000000000e+06
7.676476000000000000e+06
7.869638500000000000e+06
8.056294000000000000e+06
8.179732500000000000e+06
8.302419500000000000e+06
8.478703000000000000e+06
8.597935000000000000e+06
8.771274000000000000e+06
8.936924000000000000e+06
9.048293000000000000e+06
9.155245000000000000e+06
9.313920000000000000e+06
9.414585000000000000e+06
9.563782000000000000e+06
9.711619000000000000e+06
9.805707000000000000e+06
9.897244000000000000e+06
1.002910500000000000e+07
1.011746300000000000e+07
1.024256900000000000e+07
1.036244200000000000e+07
1.044577300000000000e+07
1.052029500000000000e+07
1.062844700000000000e+07
1.070079900000000000e+07
1.080303600000000000e+07
1.086840700000000000e+07
1.096213300000000000e+07
1.102608200000000000e+07
1.111302400000000000e+07
1.116847700000000000e+07
1.124460400000000000e+07
1.128686700000000000e+07
1.133773100000000000e+07
1.135737000000000000e+07
1.138570600000000000e+07
1.139035600000000000e+07
1.138721600000000000e+07
1.137253900000000000e+07
1.133691800000000000e+07
1.130408700000000000e+07
1.124652300000000000e+07
1.120228500000000000e+07
1.111742100000000000e+07
1.105774500000000000e+07
1.095458000000000000e+07
1.088147800000000000e+07
1.076194800000000000e+07
1.067302500000000000e+07
1.053183600000000000e+07
1.043535000000000000e+07
1.028255000000000000e+07
1.017544800000000000e+07
1.000995700000000000e+07
9.898405000000000000e+06
9.724207000000000000e+06
9.607177000000000000e+06
9.424046000000000000e+06
9.303520000000000000e+06
9.113958000000000000e+06
8.987243000000000000e+06
8.797003000000000000e+06
8.668373000000000000e+06
8.473585000000000000e+06
8.341434000000000000e+06
8.149688000000000000e+06
8.020843500000000000e+06
7.826257500000000000e+06
7.697422500000000000e+06
7.504813500000000000e+06
7.374796000000000000e+06
7.185052000000000000e+06
7.057564500000000000e+06
6.867437500000000000e+06
6.743419500000000000e+06
6.557770000000000000e+06
6.437189000000000000e+06
6.256256000000000000e+06
6.137031500000000000e+06
5.963472500000000000e+06
5.849992000000000000e+06
5.677948000000000000e+06
5.568007000000000000e+06
5.403539500000000000e+06
5.296394000000000000e+06
5.136570000000000000e+06
5.032724000000000000e+06
4.881017500000000000e+06
4.781100000000000000e+06
4.633865000000000000e+06
4.539561000000000000e+06
4.400013500000000000e+06
4.307272500000000000e+06
4.174780250000000000e+06
4.085873500000000000e+06
3.956912000000000000e+06
3.875587000000000000e+06
3.753802250000000000e+06
3.673414750000000000e+06
3.555051500000000000e+06
3.479291750000000000e+06
3.369815750000000000e+06
3.296136000000000000e+06
3.191909000000000000e+06
3.123151250000000000e+06
3.021463000000000000e+06
2.958236000000000000e+06
2.863163500000000000e+06
2.802252750000000000e+06
2.712307250000000000e+06
2.654985000000000000e+06
2.569034000000000000e+06
2.513373250000000000e+06
2.433526750000000000e+06
2.382065000000000000e+06
2.305791000000000000e+06
2.255933250000000000e+06
2.184475750000000000e+06
2.138192250000000000e+06
2.070512750000000000e+06
2.026892250000000000e+06
1.962822375000000000e+06
1.921827875000000000e+06
1.861856750000000000e+06
1.823116375000000000e+06
1.766385500000000000e+06
1.729784250000000000e+06
1.675875000000000000e+06
1.641280250000000000e+06
1.590999500000000000e+06
1.558422750000000000e+06
1.511487500000000000e+06
1.480718625000000000e+06
1.435650000000000000e+06
1.406986750000000000e+06
1.365528375000000000e+06
1.337841375000000000e+06
1.298390375000000000e+06
1.273114125000000000e+06
1.236110625000000000e+06
1.212407000000000000e+06
1.177173625000000000e+06
1.155146375000000000e+06
1.122472750000000000e+06
1.101729125000000000e+06
1.070925375000000000e+06
1.050804375000000000e+06
1.022488812500000000e+06
1.003880000000000000e+06
9.771017500000000000e+05
9.594672500000000000e+05
9.345935625000000000e+05
9.179992500000000000e+05
8.944836250000000000e+05
8.787070000000000000e+05
8.561599375000000000e+05
8.421433750000000000e+05
8.212302500000000000e+05
8.074773750000000000e+05
7.880671250000000000e+05
7.752463125000000000e+05
7.564063750000000000e+05
7.442471250000000000e+05
7.271974375000000000e+05
7.159280000000000000e+05
6.992516875000000000e+05
6.885633125000000000e+05
6.730198750000000000e+05
6.627318750000000000e+05
6.483401875000000000e+05
6.388936875000000000e+05
6.252570000000000000e+05
6.164921875000000000e+05
6.032765000000000000e+05
5.948905000000000000e+05
5.825288750000000000e+05
5.745111250000000000e+05
5.627731250000000000e+05
5.553290000000000000e+05
5.442164375000000000e+05
5.372011875000000000e+05
5.267420625000000000e+05
5.201774062500000000e+05
5.102807187500000000e+05
5.038701562500000000e+05
4.946057500000000000e+05
4.886200937500000000e+05
4.794605000000000000e+05
4.739580000000000000e+05
4.658137187500000000e+05
4.603014062500000000e+05
4.524676250000000000e+05
4.474184687500000000e+05
4.399554062500000000e+05
4.351802812500000000e+05
4.280525625000000000e+05
4.233887812500000000e+05
4.167766875000000000e+05
4.124766875000000000e+05
4.060444062500000000e+05
4.020697500000000000e+05
3.959448437500000000e+05
3.921611250000000000e+05
3.864322812500000000e+05
3.828916562500000000e+05
3.775049375000000000e+05
3.742017500000000000e+05
3.693007812500000000e+05
3.659579375000000000e+05
3.613143750000000000e+05
3.583086250000000000e+05
3.538531250000000000e+05
3.509366875000000000e+05
3.467143750000000000e+05
3.441116562500000000e+05
3.402517187500000000e+05
3.375380625000000000e+05
3.337620937500000000e+05
3.312598750000000000e+05
3.277990000000000000e+05
3.254192187500000000e+05
3.221581875000000000e+05
3.200721250000000000e+05
3.168982812500000000e+05
3.148683125000000000e+05
3.118587187500000000e+05
3.098897500000000000e+05
3.069956250000000000e+05
3.051188750000000000e+05
3.023853750000000000e+05
3.006540312500000000e+05
2.980566875000000000e+05
2.962667500000000000e+05
2.938331250000000000e+05
2.922015000000000000e+05
2.898880000000000000e+05
2.884124687500000000e+05
2.861445312500000000e+05
2.847171250000000000e+05
2.826398437500000000e+05
2.812293125000000000e+05
2.792255625000000000e+05
2.779662187500000000e+05
2.761330312500000000e+05
2.749420312500000000e+05
2.731445937500000000e+05
2.719882187500000000e+05
2.702692187500000000e+05
2.692440937500000000e+05
2.676215000000000000e+05
2.666267500000000000e+05
2.651348437500000000e+05
2.641756250000000000e+05
2.627856875000000000e+05
2.618712187500000000e+05
2.606290781250000000e+05
2.597811250000000000e+05
2.586294218750000000e+05
2.578208906250000000e+05
2.567296406250000000e+05
2.560036093750000000e+05
2.549086093750000000e+05
2.542224218750000000e+05
2.532532031250000000e+05
2.526604062500000000e+05
2.516802343750000000e+05
2.510308906250000000e+05
2.500928437500000000e+05
2.495400937500000000e+05
2.485977187500000000e+05
2.480481250000000000e+05
2.472467031250000000e+05
2.466840156250000000e+05
2.458261875000000000e+05
2.452822968750000000e+05
2.444637968750000000e+05
2.439330156250000000e+05
2.430924375000000000e+05
2.426048593750000000e+05
2.418623125000000000e+05
2.413441250000000000e+05
2.405983281250000000e+05
2.401145937500000000e+05
2.393848750000000000e+05
2.389450156250000000e+05
2.382652500000000000e+05
2.378207968750000000e+05
2.372373750000000000e+05
2.368559375000000000e+05
2.363428281250000000e+05
2.359671562500000000e+05
2.354719062500000000e+05
2.351926093750000000e+05
2.347892343750000000e+05
2.345632500000000000e+05
2.342162968750000000e+05
2.340439062500000000e+05
2.338111562500000000e+05
2.336227968750000000e+05
2.334701718750000000e+05
2.333480468750000000e+05
2.333026250000000000e+05
2.333129375000000000e+05
2.333144062500000000e+05
2.333337812500000000e+05
2.334348281250000000e+05
2.335402968750000000e+05
2.337560625000000000e+05
2.339122812500000000e+05
2.341966718750000000e+05
2.344319531250000000e+05
2.348219375000000000e+05
2.350749375000000000e+05
2.355762343750000000e+05
2.359513437500000000e+05
2.364722343750000000e+05
2.369041250000000000e+05
2.375833593750000000e+05
2.380364218750000000e+05
2.388043593750000000e+05
2.393138593750000000e+05
2.401030312500000000e+05
2.406536718750000000e+05
2.412117656250000000e+05
2.420062656250000000e+05
2.428114062500000000e+05
2.433273281250000000e+05
2.441062500000000000e+05
2.445905937500000000e+05
2.450566093750000000e+05
2.456847187500000000e+05
2.462995781250000000e+05
2.466953437500000000e+05
2.471902031250000000e+05
2.474984062500000000e+05
2.477632968750000000e+05
2.481289062500000000e+05
2.484412656250000000e+05
2.486256875000000000e+05
2.488057500000000000e+05
2.488885937500000000e+05
2.489602031250000000e+05
2.489908437500000000e+05
2.489733281250000000e+05
2.489224843750000000e+05
2.487534062500000000e+05
2.486053750000000000e+05
2.484163281250000000e+05
2.481167343750000000e+05
2.476740937500000000e+05
2.473411562500000000e+05
2.468222343750000000e+05
2.464017656250000000e+05
2.459816718750000000e+05
2.452278281250000000e+05
2.444007500000000000e+05
2.437957656250000000e+05
2.428232500000000000e+05
2.421049062500000000e+05
2.413741718750000000e+05
2.402106406250000000e+05
2.389587187500000000e+05
2.380625468750000000e+05
2.366690625000000000e+05
2.356782031250000000e+05
2.346907031250000000e+05
2.330912031250000000e+05
2.314136093750000000e+05
2.302256093750000000e+05
2.290293437500000000e+05
2.271372656250000000e+05
2.258517812500000000e+05
2.238529843750000000e+05
2.217863125000000000e+05
2.203567031250000000e+05
2.189025625000000000e+05
2.166505468750000000e+05
2.151317343750000000e+05
2.128047031250000000e+05
2.111988125000000000e+05
2.087578593750000000e+05
2.071605937500000000e+05
2.048990312500000000e+05
2.034442343750000000e+05
2.013938593750000000e+05
2.000925781250000000e+05
1.982600312500000000e+05
1.971101562500000000e+05
1.954685156250000000e+05
1.944253593750000000e+05
1.929628593750000000e+05
1.920544531250000000e+05
1.907686406250000000e+05
1.899487500000000000e+05
1.887836718750000000e+05
1.880638593750000000e+05
1.870450625000000000e+05
1.863981093750000000e+05
1.854889687500000000e+05
1.849398593750000000e+05
1.841392343750000000e+05
1.836302500000000000e+05
1.829223281250000000e+05
1.824840000000000000e+05
1.818592656250000000e+05
1.814717187500000000e+05
1.809293437500000000e+05
1.805909843750000000e+05
1.801019062500000000e+05
1.797980000000000000e+05
1.793572343750000000e+05
1.791120468750000000e+05
1.787481406250000000e+05
1.784965625000000000e+05
1.781759375000000000e+05
1.779739218750000000e+05
1.776894062500000000e+05
1.775076406250000000e+05
1.772634062500000000e+05
1.771050468750000000e+05
1.768872500000000000e+05
1.767642656250000000e+05
1.765647812500000000e+05
1.764470312500000000e+05
1.762777343750000000e+05
1.761719218750000000e+05
1.760360625000000000e+05
1.759409218750000000e+05
1.758179218750000000e+05
1.757416093750000000e+05
1.756351562500000000e+05
1.757051562500000000e+05
1.761114687500000000e+05
1.766437812500000000e+05
1.777278437500000000e+05
1.786771718750000000e+05
1.804300937500000000e+05
1.818367343750000000e+05
1.842246562500000000e+05
1.860290937500000000e+05
1.890064843750000000e+05
1.911856250000000000e+05
1.947039062500000000e+05
1.972241406250000000e+05
2.012262656250000000e+05
2.040297187500000000e+05
2.084927656250000000e+05
2.116200000000000000e+05
2.164784687500000000e+05
2.198828125000000000e+05
2.251458281250000000e+05
2.287646875000000000e+05
2.343900937500000000e+05
2.382260937500000000e+05
2.441038281250000000e+05
2.481138437500000000e+05
2.542451250000000000e+05
2.583968906250000000e+05
2.647318125000000000e+05
2.690310937500000000e+05
2.754981562500000000e+05
2.798696562500000000e+05
2.864377500000000000e+05
2.908160625000000000e+05
2.974575937500000000e+05
3.018566250000000000e+05
3.085150625000000000e+05
3.129412187500000000e+05
3.195875937500000000e+05
3.239880625000000000e+05
3.305771250000000000e+05
3.349533750000000000e+05
3.414288125000000000e+05
3.457328125000000000e+05
3.521368125000000000e+05
3.563820312500000000e+05
3.627528125000000000e+05
3.669835937500000000e+05
3.732834375000000000e+05
3.774833125000000000e+05
3.837380937500000000e+05
3.878531562500000000e+05
3.940798750000000000e+05
3.982584687500000000e+05
4.045209375000000000e+05
4.087548437500000000e+05
4.151864687500000000e+05
4.194723437500000000e+05
4.261153125000000000e+05
4.305986875000000000e+05
4.374637187500000000e+05
4.422191562500000000e+05
4.495091562500000000e+05
4.544854687500000000e+05
4.622555312500000000e+05
4.675661250000000000e+05
4.757761250000000000e+05
4.814619687500000000e+05
4.902318125000000000e+05
4.962551875000000000e+05
5.056654062500000000e+05
5.121806250000000000e+05
5.224113125000000000e+05
5.295534375000000000e+05
5.407539375000000000e+05
5.485511875000000000e+05
5.608796875000000000e+05
5.694089375000000000e+05
5.827643125000000000e+05
5.920555000000000000e+05
6.066323750000000000e+05
6.167395000000000000e+05
6.325889375000000000e+05
6.434788125000000000e+05
6.604480625000000000e+05
6.721992500000000000e+05
6.902925625000000000e+05
7.026390625000000000e+05
7.218415000000000000e+05
7.349928125000000000e+05
7.553151875000000000e+05
7.692086875000000000e+05
7.907427500000000000e+05
8.053688750000000000e+05
8.281333125000000000e+05
8.435828125000000000e+05
8.674387500000000000e+05
8.837943750000000000e+05
9.089707500000000000e+05
9.262145625000000000e+05
9.528350000000000000e+05
9.710970000000000000e+05
9.992033125000000000e+05
1.018663000000000000e+06
1.048804375000000000e+06
1.069358250000000000e+06
1.101309750000000000e+06
1.123116125000000000e+06
1.157016625000000000e+06
1.180483375000000000e+06
1.216852000000000000e+06
1.241906750000000000e+06
1.281171250000000000e+06
1.307956625000000000e+06
1.349775250000000000e+06
1.378603625000000000e+06
1.423563375000000000e+06
1.454388625000000000e+06
1.502654750000000000e+06
1.536182750000000000e+06
1.588063625000000000e+06
1.624159125000000000e+06
1.680291375000000000e+06
1.719395000000000000e+06
1.779977000000000000e+06
1.822768250000000000e+06
1.888622250000000000e+06
1.934835125000000000e+06
2.006543625000000000e+06
2.056750875000000000e+06
2.134930750000000000e+06
2.188471000000000000e+06
2.273928000000000000e+06
2.333068000000000000e+06
2.427166250000000000e+06
2.490902500000000000e+06
2.593409000000000000e+06
2.664209000000000000e+06
2.775750250000000000e+06
2.853793750000000000e+06
2.975290000000000000e+06
3.060925000000000000e+06
3.194777250000000000e+06
3.287755000000000000e+06
3.433864250000000000e+06
3.536062250000000000e+06
3.695810750000000000e+06
3.809200000000000000e+06
3.984318250000000000e+06
