6.180461000000000000e+06
6.472205500000000000e+06
6.776396000000000000e+06
6.981856000000000000e+06
7.188807500000000000e+06
7.502421500000000000e+06
7.713104500000000000e+06
8.031200500000000000e+06
8.350444500000000000e+06
8.564780000000000000e+06
8.778701000000000000e+06
9.102255000000000000e+06
9.317523000000000000e+06
9.638800000000000000e+06
9.959990000000000000e+06
1.017383500000000000e+07
1.038605700000000000e+07
1.070196800000000000e+07
1.091161700000000000e+07
1.122356800000000000e+07
1.153108600000000000e+07
1.173293600000000000e+07
1.193322200000000000e+07
1.223066000000000000e+07
1.242466000000000000e+07
1.271141400000000000e+07
1.299363500000000000e+07
1.317728000000000000e+07
1.335850600000000000e+07
1.361976400000000000e+07
1.379504100000000000e+07
1.404635100000000000e+07
1.429128700000000000e+07
1.444900700000000000e+07
1.460354900000000000e+07
1.482970400000000000e+07
1.497522500000000000e+07
1.518625200000000000e+07
1.538726200000000000e+07
1.551814000000000000e+07
1.564297400000000000e+07
1.582457200000000000e+07
1.594046300000000000e+07
1.610779400000000000e+07
1.626124000000000000e+07
1.636485300000000000e+07
1.645800100000000000e+07
1.659415200000000000e+07
1.667913300000000000e+07
1.679820000000000000e+07
1.687698600000000000e+07
1.698261400000000000e+07
1.704666200000000000e+07
1.711211600000000000e+07
1.713957200000000000e+07
1.714868800000000000e+07
1.713804200000000000e+07
1.709350600000000000e+07
1.704487200000000000e+07
1.694856800000000000e+07
1.687086200000000000e+07
1.672526200000000000e+07
1.661579600000000000e+07
1.643123700000000000e+07
1.629532400000000000e+07
1.607298400000000000e+07
1.591590300000000000e+07
1.565903800000000000e+07
1.548186900000000000e+07
1.520168900000000000e+07
1.500560000000000000e+07
1.470577300000000000e+07
1.450091500000000000e+07
1.418071000000000000e+07
1.396512500000000000e+07
1.363629100000000000e+07
1.341389600000000000e+07
1.307598600000000000e+07
1.284917600000000000e+07
1.250911200000000000e+07
1.228128200000000000e+07
1.193888000000000000e+07
1.170943700000000000e+07
1.137002400000000000e+07
1.114639700000000000e+07
1.081274000000000000e+07
1.059225100000000000e+07
1.026628000000000000e+07
1.005002400000000000e+07
9.731124000000000000e+06
9.522024000000000000e+06
9.213632000000000000e+06
9.011823000000000000e+06
8.714491000000000000e+06
8.519942000000000000e+06
8.234366500000000000e+06
8.049014500000000000e+06
7.775374500000000000e+06
7.597521000000000000e+06
7.337502500000000000e+06
7.168409500000000000e+06
6.921112000000000000e+06
6.760826500000000000e+06
6.525493500000000000e+06
6.374187000000000000e+06
6.151709500000000000e+06
6.007664000000000000e+06
5.796438000000000000e+06
5.660297000000000000e+06
5.462164500000000000e+06
5.334416000000000000e+06
5.146619000000000000e+06
5.026030000000000000e+06
4.850778500000000000e+06
4.737703500000000000e+06
4.572990500000000000e+06
4.467255000000000000e+06
4.312821000000000000e+06
4.213174500000000000e+06
4.068509500000000000e+06
3.974982500000000000e+06
3.840003500000000000e+06
3.753383750000000000e+06
3.627096000000000000e+06
3.545433750000000000e+06
3.427201250000000000e+06
3.351398750000000000e+06
3.241166250000000000e+06
3.169843500000000000e+06
3.066428500000000000e+06
3.000040750000000000e+06
2.903739500000000000e+06
2.841488750000000000e+06
2.751509000000000000e+06
2.693647750000000000e+06
2.609522000000000000e+06
2.555127250000000000e+06
2.476654000000000000e+06
2.426043000000000000e+06
2.352659750000000000e+06
2.305271000000000000e+06
2.236695750000000000e+06
2.192686250000000000e+06
2.128923250000000000e+06
2.087891250000000000e+06
2.028141375000000000e+06
1.989797625000000000e+06
1.934190125000000000e+06
1.898388375000000000e+06
1.846378625000000000e+06
1.812881875000000000e+06
1.764342625000000000e+06
1.733182250000000000e+06
1.687689375000000000e+06
1.658504750000000000e+06
1.616222875000000000e+06
1.588901750000000000e+06
1.549053375000000000e+06
1.523434625000000000e+06
1.486312500000000000e+06
1.462376000000000000e+06
1.427628375000000000e+06
1.405202375000000000e+06
1.372750000000000000e+06
1.351762250000000000e+06
1.321065125000000000e+06
1.301359250000000000e+06
1.272623625000000000e+06
1.254194750000000000e+06
1.227326125000000000e+06
1.209919000000000000e+06
1.184716625000000000e+06
1.168488375000000000e+06
1.144789125000000000e+06
1.129411125000000000e+06
1.107140125000000000e+06
1.092698250000000000e+06
1.071616125000000000e+06
1.058012750000000000e+06
1.038287062500000000e+06
1.025546750000000000e+06
1.006848875000000000e+06
9.946976250000000000e+05
9.769739375000000000e+05
9.655528750000000000e+05
9.488640625000000000e+05
9.379826875000000000e+05
9.221911250000000000e+05
9.119078125000000000e+05
8.969895000000000000e+05
8.873363750000000000e+05
8.730526875000000000e+05
8.638003750000000000e+05
8.503335625000000000e+05
8.415815000000000000e+05
8.286614375000000000e+05
8.202948750000000000e+05
8.080353750000000000e+05
8.000947500000000000e+05
7.883782500000000000e+05
7.807648125000000000e+05
7.695656875000000000e+05
7.622686875000000000e+05
7.516173750000000000e+05
7.446001875000000000e+05
7.344573750000000000e+05
7.278193750000000000e+05
7.179428125000000000e+05
7.115470625000000000e+05
7.021924375000000000e+05
6.960781875000000000e+05
6.870606875000000000e+05
6.812249375000000000e+05
6.725743750000000000e+05
6.669442500000000000e+05
6.586323750000000000e+05
6.531672500000000000e+05
6.451620000000000000e+05
6.399471250000000000e+05
6.321376875000000000e+05
6.270355625000000000e+05
6.195720625000000000e+05
6.146745000000000000e+05
6.074704375000000000e+05
6.027677500000000000e+05
5.957968750000000000e+05
5.912939375000000000e+05
5.846570625000000000e+05
5.802691250000000000e+05
5.738663750000000000e+05
5.697280000000000000e+05
5.636182500000000000e+05
5.596391875000000000e+05
5.536797500000000000e+05
5.497705000000000000e+05
5.440549375000000000e+05
5.402675625000000000e+05
5.347297500000000000e+05
5.310792500000000000e+05
5.257386250000000000e+05
5.222602812500000000e+05
5.171053750000000000e+05
5.137651562500000000e+05
5.088898437500000000e+05
5.056886250000000000e+05
5.009592500000000000e+05
4.978612187500000000e+05
4.933992187500000000e+05
4.904634062500000000e+05
4.861078750000000000e+05
4.832890937500000000e+05
4.792352187500000000e+05
4.765449687500000000e+05
4.725990937500000000e+05
4.700780000000000000e+05
4.664086875000000000e+05
4.640703437500000000e+05
4.605951875000000000e+05
4.583406562500000000e+05
4.550237500000000000e+05
4.528991250000000000e+05
4.497963125000000000e+05
4.477554375000000000e+05
4.448621562500000000e+05
4.430130937500000000e+05
4.403309687500000000e+05
4.385856250000000000e+05
4.360519687500000000e+05
4.344399375000000000e+05
4.320910000000000000e+05
4.305376250000000000e+05
4.283437187500000000e+05
4.269490625000000000e+05
4.248525312500000000e+05
4.235352500000000000e+05
4.216162812500000000e+05
4.203944062500000000e+05
4.186436562500000000e+05
4.174856250000000000e+05
4.157761875000000000e+05
4.147012187500000000e+05
4.131772187500000000e+05
4.121410000000000000e+05
4.106127500000000000e+05
4.096233750000000000e+05
4.081711875000000000e+05
4.072086250000000000e+05
4.057615625000000000e+05
4.048282812500000000e+05
4.034931250000000000e+05
4.025855312500000000e+05
4.012342500000000000e+05
4.003695312500000000e+05
3.991155000000000000e+05
3.982295312500000000e+05
3.969596562500000000e+05
3.961583750000000000e+05
3.949622187500000000e+05
3.941760000000000000e+05
3.930514375000000000e+05
3.922871562500000000e+05
3.912201562500000000e+05
3.905524062500000000e+05
3.895596562500000000e+05
3.889006562500000000e+05
3.879878750000000000e+05
3.873899062500000000e+05
3.865771250000000000e+05
3.860593437500000000e+05
3.853344375000000000e+05
3.849433437500000000e+05
3.843274375000000000e+05
3.839735625000000000e+05
3.835151250000000000e+05
3.832837500000000000e+05
3.829485937500000000e+05
3.828193437500000000e+05
3.827087500000000000e+05
3.826560625000000000e+05
3.826434375000000000e+05
3.826990937500000000e+05
3.828318437500000000e+05
3.829984687500000000e+05
3.833849375000000000e+05
3.836453437500000000e+05
3.841548125000000000e+05
3.845621250000000000e+05
3.852364062500000000e+05
3.856973750000000000e+05
3.864907500000000000e+05
3.870278125000000000e+05
3.879913125000000000e+05
3.886981562500000000e+05
3.897340312500000000e+05
3.904262500000000000e+05
3.915942812500000000e+05
3.922739062500000000e+05
3.933717500000000000e+05
3.941484375000000000e+05
3.952767500000000000e+05
3.959825937500000000e+05
3.969769062500000000e+05
3.975672812500000000e+05
3.984438750000000000e+05
3.989712500000000000e+05
3.996302812500000000e+05
3.999909375000000000e+05
4.003201875000000000e+05
4.006284687500000000e+05
4.008215625000000000e+05
4.007898125000000000e+05
4.006322500000000000e+05
4.004337187500000000e+05
4.001639062500000000e+05
3.995331562500000000e+05
3.987772187500000000e+05
3.981550937500000000e+05
3.970228125000000000e+05
3.960954375000000000e+05
3.951868750000000000e+05
3.936057187500000000e+05
3.917676875000000000e+05
3.904395937500000000e+05
3.883593125000000000e+05
3.868712500000000000e+05
3.853209062500000000e+05
3.827807187500000000e+05
3.800161562500000000e+05
3.781401562500000000e+05
3.751429062500000000e+05
3.730540312500000000e+05
3.708809687500000000e+05
3.675189375000000000e+05
3.640300312500000000e+05
3.615867812500000000e+05
3.578425625000000000e+05
3.552585000000000000e+05
3.526739062500000000e+05
3.486136875000000000e+05
3.444767500000000000e+05
3.416359062500000000e+05
3.373695937500000000e+05
3.344113750000000000e+05
3.314158125000000000e+05
3.269093437500000000e+05
3.223417500000000000e+05
3.192755000000000000e+05
3.161756875000000000e+05
3.114345625000000000e+05
3.082647500000000000e+05
3.035045937500000000e+05
2.986758437500000000e+05
2.954398125000000000e+05
2.922177812500000000e+05
2.873740000000000000e+05
2.841464375000000000e+05
2.792448125000000000e+05
2.760206562500000000e+05
2.711693750000000000e+05
2.679164687500000000e+05
2.630342500000000000e+05
2.597922656250000000e+05
2.551113437500000000e+05
2.521661250000000000e+05
2.480301093750000000e+05
2.454570937500000000e+05
2.418376406250000000e+05
2.395691250000000000e+05
2.364041718750000000e+05
2.344384687500000000e+05
2.316770468750000000e+05
2.299543593750000000e+05
2.275285937500000000e+05
2.260272343750000000e+05
2.238902500000000000e+05
2.225692343750000000e+05
2.207201250000000000e+05
2.195498281250000000e+05
2.179133125000000000e+05
2.168839531250000000e+05
2.154560000000000000e+05
2.145559531250000000e+05
2.132922656250000000e+05
2.125205468750000000e+05
2.113963906250000000e+05
2.106984375000000000e+05
2.097249843750000000e+05
2.091180937500000000e+05
2.082579375000000000e+05
2.077103437500000000e+05
2.069647968750000000e+05
2.064909218750000000e+05
2.058167187500000000e+05
2.053984531250000000e+05
2.048049843750000000e+05
2.044365000000000000e+05
2.039167812500000000e+05
2.035786406250000000e+05
2.031289218750000000e+05
2.028377031250000000e+05
2.024292187500000000e+05
2.021845468750000000e+05
2.018246250000000000e+05
2.015860312500000000e+05
2.012728281250000000e+05
2.010885781250000000e+05
2.008113750000000000e+05
2.006279062500000000e+05
2.003847968750000000e+05
2.002213125000000000e+05
2.000125468750000000e+05
1.998763281250000000e+05
1.999201250000000000e+05
2.002490312500000000e+05
2.012411562500000000e+05
2.022177656250000000e+05
2.041618125000000000e+05
2.057672968750000000e+05
2.086977187500000000e+05
2.109439531250000000e+05
2.147781406250000000e+05
2.176292031250000000e+05
2.223890000000000000e+05
2.258546718750000000e+05
2.314740156250000000e+05
2.355093437500000000e+05
2.419726250000000000e+05
2.466001093750000000e+05
2.539683125000000000e+05
2.591638437500000000e+05
2.674394062500000000e+05
2.732742187500000000e+05
2.824720625000000000e+05
2.889110000000000000e+05
2.990329687500000000e+05
3.060506875000000000e+05
3.170989375000000000e+05
3.247631562500000000e+05
3.367630000000000000e+05
3.451118125000000000e+05
3.580980937500000000e+05
3.670585312500000000e+05
3.810455625000000000e+05
3.905982187500000000e+05
4.054025625000000000e+05
4.155792187500000000e+05
4.312858750000000000e+05
4.420106250000000000e+05
4.586052812500000000e+05
4.699351562500000000e+05
4.873247187500000000e+05
4.991773125000000000e+05
5.173061250000000000e+05
5.295162500000000000e+05
5.482825000000000000e+05
5.609707500000000000e+05
5.802684375000000000e+05
5.933408125000000000e+05
6.131646875000000000e+05
6.263862500000000000e+05
6.464975625000000000e+05
6.599012500000000000e+05
6.800226250000000000e+05
6.935711250000000000e+05
7.139081250000000000e+05
7.273543125000000000e+05
7.476866250000000000e+05
7.611790625000000000e+05
7.814870000000000000e+05
7.950118125000000000e+05
8.152181875000000000e+05
8.286237500000000000e+05
8.487408750000000000e+05
8.621884375000000000e+05
8.823498125000000000e+05
8.958668125000000000e+05
9.160482500000000000e+05
9.294593125000000000e+05
9.497810000000000000e+05
9.631666875000000000e+05
9.833333750000000000e+05
9.969043125000000000e+05
1.017389250000000000e+06
1.031225562500000000e+06
1.052431750000000000e+06
1.066727000000000000e+06
1.088525000000000000e+06
1.103388000000000000e+06
1.126154125000000000e+06
1.141399000000000000e+06
1.164996125000000000e+06
1.181145500000000000e+06
1.205979250000000000e+06
1.222939375000000000e+06
1.248894250000000000e+06
1.266430625000000000e+06
1.293605000000000000e+06
1.311811500000000000e+06
1.339525125000000000e+06
1.358433500000000000e+06
1.387428875000000000e+06
1.406890125000000000e+06
1.437129250000000000e+06
1.457454875000000000e+06
1.488797500000000000e+06
1.510099875000000000e+06
1.542867250000000000e+06
1.565020500000000000e+06
1.598853750000000000e+06
1.622014375000000000e+06
1.657662625000000000e+06
1.682066125000000000e+06
1.719946750000000000e+06
1.745811875000000000e+06
1.786141125000000000e+06
1.813794500000000000e+06
1.856304125000000000e+06
1.885511375000000000e+06
1.930886875000000000e+06
1.962032250000000000e+06
2.010515250000000000e+06
2.043921375000000000e+06
2.095644625000000000e+06
2.131470500000000000e+06
2.187269000000000000e+06
2.225416750000000000e+06
2.284810750000000000e+06
2.325875500000000000e+06
2.389860500000000000e+06
2.434215750000000000e+06
2.503291500000000000e+06
2.551148750000000000e+06
2.625770250000000000e+06
2.677421000000000000e+06
2.757807250000000000e+06
2.813545750000000000e+06
2.900644500000000000e+06
2.960842750000000000e+06
3.055710750000000000e+06
3.121497000000000000e+06
3.224899250000000000e+06
3.296624500000000000e+06
3.409193000000000000e+06
3.487297500000000000e+06
3.610181750000000000e+06
3.695574750000000000e+06
3.829905750000000000e+06
3.923911750000000000e+06
4.071561250000000000e+06
4.174643750000000000e+06
4.337796500000000000e+06
4.451805000000000000e+06
4.631425000000000000e+06
4.757198500000000000e+06
4.955972000000000000e+06
5.094934500000000000e+06
5.315559500000000000e+06
5.470084000000000000e+06
5.714823500000000000e+06
5.887363000000000000e+06
