2.338888854980468750e+02 6.779215000000000000e+05
2.321110992431640625e+02 6.975299375000000000e+05
2.303333282470703125e+02 7.175722500000000000e+05
2.285555572509765625e+02 7.478598750000000000e+05
2.270000000000000000e+02 7.684051875000000000e+05
2.252222290039062500e+02 7.988815000000000000e+05
2.236666412353515625e+02 8.294948125000000000e+05
2.221110839843750000e+02 8.497428750000000000e+05
2.207777709960937500e+02 8.700408750000000000e+05
2.192222137451171875e+02 9.007248125000000000e+05
2.178889007568359375e+02 9.211450000000000000e+05
2.165555267333984375e+02 9.511893125000000000e+05
2.152222137451171875e+02 9.810443750000000000e+05
2.138888854980468750e+02 1.000815875000000000e+06
2.125555267333984375e+02 1.030168875000000000e+06
2.114444274902343750e+02 1.049659250000000000e+06
2.103333282470703125e+02 1.078706875000000000e+06
2.092221984863281250e+02 1.097757375000000000e+06
2.081110992431640625e+02 1.125784625000000000e+06
2.072221984863281250e+02 1.144072625000000000e+06
2.061110992431640625e+02 1.171346625000000000e+06
2.052221984863281250e+02 1.189208000000000000e+06
2.043333282470703125e+02 1.215220625000000000e+06
2.032221832275390625e+02 1.232546750000000000e+06
2.025555419921875000e+02 1.257487250000000000e+06
2.014444122314453125e+02 1.274263875000000000e+06
2.007777709960937500e+02 1.298346750000000000e+06
1.998888702392578125e+02 1.314645875000000000e+06
1.992222290039062500e+02 1.338187125000000000e+06
1.985555419921875000e+02 1.352910125000000000e+06
1.976666259765625000e+02 1.374927000000000000e+06
1.970000000000000000e+02 1.389367500000000000e+06
1.961110839843750000e+02 1.410241500000000000e+06
1.956666717529296875e+02 1.423918875000000000e+06
1.949999847412109375e+02 1.443730125000000000e+06
1.943333129882812500e+02 1.456263625000000000e+06
1.936666717529296875e+02 1.474802125000000000e+06
1.932222137451171875e+02 1.487198250000000000e+06
1.927777557373046875e+02 1.504361000000000000e+06
1.921110839843750000e+02 1.515457875000000000e+06
1.914444427490234375e+02 1.531431375000000000e+06
1.909999847412109375e+02 1.541585750000000000e+06
1.905555267333984375e+02 1.556871500000000000e+06
1.901111145019531250e+02 1.567056125000000000e+06
1.896666564941406250e+02 1.580894125000000000e+06
1.889999847412109375e+02 1.589861000000000000e+06
1.887777557373046875e+02 1.602566250000000000e+06
1.881111145019531250e+02 1.610751750000000000e+06
1.878888854980468750e+02 1.622632125000000000e+06
1.874444274902343750e+02 1.630622625000000000e+06
1.869999694824218750e+02 1.641510500000000000e+06
1.865555267333984375e+02 1.648461125000000000e+06
1.863333435058593750e+02 1.658118750000000000e+06
1.861111145019531250e+02 1.662395625000000000e+06
1.858888854980468750e+02 1.667531375000000000e+06
1.856666564941406250e+02 1.669980125000000000e+06
1.854444274902343750e+02 1.671053000000000000e+06
1.854444274902343750e+02 1.671091500000000000e+06
1.852221984863281250e+02 1.668520125000000000e+06
1.852221984863281250e+02 1.666154250000000000e+06
1.849999694824218750e+02 1.660382625000000000e+06
1.852221984863281250e+02 1.655741125000000000e+06
1.852221984863281250e+02 1.646452375000000000e+06
1.852221984863281250e+02 1.639614750000000000e+06
1.852221984863281250e+02 1.628077500000000000e+06
1.854444274902343750e+02 1.618537500000000000e+06
1.856666564941406250e+02 1.603959375000000000e+06
1.858888854980468750e+02 1.594022500000000000e+06
1.861111145019531250e+02 1.577426500000000000e+06
1.861111145019531250e+02 1.559141375000000000e+06
1.865555267333984375e+02 1.546684250000000000e+06
1.865555267333984375e+02 1.526908500000000000e+06
1.869999694824218750e+02 1.512609750000000000e+06
1.872221984863281250e+02 1.491031375000000000e+06
1.874444274902343750e+02 1.476154375000000000e+06
1.878888854980468750e+02 1.453964375000000000e+06
1.883333435058593750e+02 1.438835500000000000e+06
1.885555267333984375e+02 1.415342750000000000e+06
1.889999847412109375e+02 1.399185250000000000e+06
1.894444274902343750e+02 1.375202625000000000e+06
1.898888854980468750e+02 1.358784750000000000e+06
1.903332977294921875e+02 1.333714750000000000e+06
1.907777557373046875e+02 1.316764750000000000e+06
1.914444427490234375e+02 1.292043500000000000e+06
1.918888854980468750e+02 1.275116625000000000e+06
1.923332977294921875e+02 1.249796500000000000e+06
1.927777557373046875e+02 1.232569625000000000e+06
1.934444427490234375e+02 1.207394500000000000e+06
1.938889007568359375e+02 1.190579125000000000e+06
1.945555419921875000e+02 1.165424250000000000e+06
1.952222137451171875e+02 1.148860875000000000e+06
1.958888549804687500e+02 1.124116375000000000e+06
1.963333129882812500e+02 1.107774375000000000e+06
1.970000000000000000e+02 1.083094125000000000e+06
1.976666259765625000e+02 1.067085625000000000e+06
1.981110839843750000e+02 1.042879250000000000e+06
1.990000000000000000e+02 1.027018000000000000e+06
1.996666412353515625e+02 1.003606000000000000e+06
2.003333129882812500e+02 9.882773750000000000e+05
2.010000000000000000e+02 9.655020000000000000e+05
2.016666412353515625e+02 9.507573750000000000e+05
2.023333282470703125e+02 9.288581875000000000e+05
2.030000000000000000e+02 9.143567500000000000e+05
2.036666412353515625e+02 8.928814375000000000e+05
2.043333282470703125e+02 8.787439375000000000e+05
2.052221984863281250e+02 8.580045000000000000e+05
2.058888702392578125e+02 8.444951250000000000e+05
2.067777862548828125e+02 8.244270625000000000e+05
2.074444274902343750e+02 8.114438125000000000e+05
2.081110992431640625e+02 7.920675000000000000e+05
2.089999694824218750e+02 7.794777500000000000e+05
2.096666564941406250e+02 7.607805625000000000e+05
2.105555572509765625e+02 7.486497500000000000e+05
2.112221984863281250e+02 7.307291875000000000e+05
2.121111145019531250e+02 7.189873750000000000e+05
2.129999847412109375e+02 7.016545000000000000e+05
2.136666564941406250e+02 6.904171250000000000e+05
2.145555267333984375e+02 6.737941250000000000e+05
2.154444427490234375e+02 6.575647500000000000e+05
2.163332977294921875e+02 6.468763125000000000e+05
2.169999847412109375e+02 6.364975000000000000e+05
2.178889007568359375e+02 6.211824375000000000e+05
2.185555267333984375e+02 6.063661250000000000e+05
2.194444427490234375e+02 5.965726250000000000e+05
2.203333129882812500e+02 5.822674375000000000e+05
2.212222137451171875e+02 5.729561250000000000e+05
2.218888549804687500e+02 5.593236875000000000e+05
2.230000000000000000e+02 5.503430000000000000e+05
2.236666412353515625e+02 5.372113125000000000e+05
2.245555419921875000e+02 5.286743750000000000e+05
2.254444122314453125e+02 5.161829687500000000e+05
2.263333129882812500e+02 5.079643750000000000e+05
2.272222290039062500e+02 4.959188125000000000e+05
2.281110992431640625e+02 4.881105000000000000e+05
2.290000000000000000e+02 4.767159062500000000e+05
2.298888702392578125e+02 4.691724687500000000e+05
2.307777862548828125e+02 4.581190937500000000e+05
2.316666412353515625e+02 4.509706875000000000e+05
2.325555572509765625e+02 4.404916250000000000e+05
2.334444274902343750e+02 4.336005625000000000e+05
2.343333282470703125e+02 4.234889062500000000e+05
2.349999694824218750e+02 4.168740000000000000e+05
2.361111145019531250e+02 4.072944062500000000e+05
2.369999694824218750e+02 4.010188437500000000e+05
2.378888854980468750e+02 3.917937187500000000e+05
2.387777557373046875e+02 3.857725937500000000e+05
2.396666564941406250e+02 3.769405625000000000e+05
2.405555267333984375e+02 3.711945312500000000e+05
2.414444427490234375e+02 3.627192812500000000e+05
2.423332977294921875e+02 3.572284687500000000e+05
2.432222137451171875e+02 3.491668125000000000e+05
2.441110839843750000e+02 3.439070000000000000e+05
2.452222137451171875e+02 3.362003125000000000e+05
2.461110839843750000e+02 3.311411250000000000e+05
2.470000000000000000e+02 3.237695312500000000e+05
2.481110839843750000e+02 3.189782500000000000e+05
2.487777709960937500e+02 3.119523437500000000e+05
2.498888702392578125e+02 3.073663437500000000e+05
2.507777709960937500e+02 3.006263437500000000e+05
2.516666412353515625e+02 2.962711875000000000e+05
2.525555419921875000e+02 2.898298437500000000e+05
2.536666412353515625e+02 2.856365625000000000e+05
2.545555572509765625e+02 2.795134687500000000e+05
2.554444122314453125e+02 2.755477812500000000e+05
2.563333129882812500e+02 2.697040000000000000e+05
2.572221984863281250e+02 2.640068437500000000e+05
2.581111145019531250e+02 2.602680937500000000e+05
2.592221984863281250e+02 2.548874375000000000e+05
2.601111145019531250e+02 2.513765468750000000e+05
2.609999694824218750e+02 2.461972343750000000e+05
2.618888854980468750e+02 2.428103906250000000e+05
2.627777404785156250e+02 2.378642187500000000e+05
2.638888854980468750e+02 2.346354375000000000e+05
2.647777404785156250e+02 2.299495000000000000e+05
2.656666564941406250e+02 2.268792031250000000e+05
2.667777709960937500e+02 2.223749531250000000e+05
2.676666564941406250e+02 2.194536250000000000e+05
2.685555419921875000e+02 2.151580312500000000e+05
2.694444274902343750e+02 2.123442656250000000e+05
2.705555419921875000e+02 2.082429375000000000e+05
2.714444580078125000e+02 2.055728593750000000e+05
2.723333129882812500e+02 2.016571093750000000e+05
2.734444580078125000e+02 1.990760781250000000e+05
2.743333129882812500e+02 1.953218125000000000e+05
2.752222290039062500e+02 1.928792031250000000e+05
2.763333129882812500e+02 1.892621875000000000e+05
2.772221984863281250e+02 1.869158125000000000e+05
2.781110839843750000e+02 1.834836562500000000e+05
2.790000000000000000e+02 1.812413437500000000e+05
2.798888854980468750e+02 1.779452031250000000e+05
2.809999694824218750e+02 1.757873125000000000e+05
2.818888854980468750e+02 1.725931718750000000e+05
2.827777404785156250e+02 1.705030937500000000e+05
2.836666564941406250e+02 1.674365468750000000e+05
2.847777404785156250e+02 1.654567656250000000e+05
2.856666564941406250e+02 1.624994218750000000e+05
2.865555114746093750e+02 1.605597031250000000e+05
2.874444274902343750e+02 1.577325937500000000e+05
2.885555114746093750e+02 1.558695312500000000e+05
2.894444274902343750e+02 1.531353437500000000e+05
2.905555419921875000e+02 1.513552656250000000e+05
2.914444274902343750e+02 1.487133437500000000e+05
2.923333129882812500e+02 1.469798437500000000e+05
2.934444274902343750e+02 1.444080156250000000e+05
2.943333129882812500e+02 1.427241406250000000e+05
2.952222290039062500e+02 1.402589218750000000e+05
2.961110839843750000e+02 1.386534375000000000e+05
2.972222290039062500e+02 1.362676093750000000e+05
2.981110839843750000e+02 1.347081250000000000e+05
2.992222290039062500e+02 1.323958437500000000e+05
3.001110839843750000e+02 1.301669609375000000e+05
3.010000000000000000e+02 1.286812187500000000e+05
3.021110839843750000e+02 1.265086562500000000e+05
3.030000000000000000e+02 1.250885078125000000e+05
3.038888549804687500e+02 1.236910078125000000e+05
3.047777709960937500e+02 1.216125234375000000e+05
3.058888854980468750e+02 1.195797578125000000e+05
3.067777709960937500e+02 1.182479531250000000e+05
3.076666564941406250e+02 1.169445703125000000e+05
3.087777404785156250e+02 1.150137890625000000e+05
3.096666564941406250e+02 1.131192343750000000e+05
3.107777404785156250e+02 1.118967343750000000e+05
3.116666564941406250e+02 1.100953359375000000e+05
3.125555114746093750e+02 1.088956562500000000e+05
3.134444274902343750e+02 1.071424921875000000e+05
3.145555114746093750e+02 1.060034687500000000e+05
3.154444274902343750e+02 1.043125078125000000e+05
3.163333129882812500e+02 1.031954218750000000e+05
3.174444274902343750e+02 1.015665859375000000e+05
3.183333129882812500e+02 1.005048203125000000e+05
3.194444274902343750e+02 9.894500781250000000e+04
3.203333129882812500e+02 9.791222656250000000e+04
3.212222290039062500e+02 9.640533593750000000e+04
3.223333129882812500e+02 9.541513281250000000e+04
3.232222290039062500e+02 9.395724218750000000e+04
3.241110839843750000e+02 9.301603125000000000e+04
3.252222290039062500e+02 9.161985937500000000e+04
3.261110839843750000e+02 9.071851562500000000e+04
3.270000000000000000e+02 8.937054687500000000e+04
3.281110839843750000e+02 8.850610937500000000e+04
3.289999694824218750e+02 8.721210937500000000e+04
3.301110839843750000e+02 8.637871875000000000e+04
3.309999694824218750e+02 8.516029687500000000e+04
3.318888854980468750e+02 8.437335156250000000e+04
3.327777404785156250e+02 8.319305468750000000e+04
3.338888854980468750e+02 8.242351562500000000e+04
3.347777404785156250e+02 8.128903906250000000e+04
3.356666564941406250e+02 8.055930468750000000e+04
3.367777404785156250e+02 7.949445312500000000e+04
3.376666564941406250e+02 7.878160156250000000e+04
3.387777404785156250e+02 7.774812500000000000e+04
3.396666564941406250e+02 7.707734375000000000e+04
3.405555419921875000e+02 7.609182031250000000e+04
3.416666564941406250e+02 7.512646093750000000e+04
3.425555419921875000e+02 7.450502343750000000e+04
3.436666564941406250e+02 7.390180468750000000e+04
3.445555419921875000e+02 7.300489062500000000e+04
3.454444580078125000e+02 7.243275781250000000e+04
3.465555419921875000e+02 7.156890625000000000e+04
3.474444580078125000e+02 7.074274218750000000e+04
3.485555419921875000e+02 7.020111718750000000e+04
3.494443969726562500e+02 6.967648437500000000e+04
3.503333129882812500e+02 6.890145312500000000e+04
3.514443969726562500e+02 6.815556250000000000e+04
3.523333129882812500e+02 6.767386718750000000e+04
3.534444274902343750e+02 6.696748437500000000e+04
3.543333129882812500e+02 6.649843750000000000e+04
3.552221984863281250e+02 6.582883593750000000e+04
3.563333129882812500e+02 6.540739843750000000e+04
3.572221984863281250e+02 6.476675000000000000e+04
3.583333435058593750e+02 6.435769140625000000e+04
3.592221984863281250e+02 6.375489062500000000e+04
3.601111145019531250e+02 6.337944531250000000e+04
3.612221984863281250e+02 6.282173437500000000e+04
3.621111145019531250e+02 6.245770312500000000e+04
3.629999694824218750e+02 6.193072656250000000e+04
3.638888854980468750e+02 6.159425000000000000e+04
3.649999694824218750e+02 6.110173828125000000e+04
3.658888854980468750e+02 6.078311328125000000e+04
3.667777709960937500e+02 6.031072265625000000e+04
3.678888549804687500e+02 6.000443750000000000e+04
3.690000000000000000e+02 5.956584375000000000e+04
3.698888549804687500e+02 5.929175781250000000e+04
3.710000000000000000e+02 5.887513281250000000e+04
3.718888549804687500e+02 5.860798046875000000e+04
3.727777709960937500e+02 5.821825781250000000e+04
3.738888549804687500e+02 5.797648046875000000e+04
3.747777709960937500e+02 5.761848828125000000e+04
3.758888549804687500e+02 5.738854687500000000e+04
3.767777709960937500e+02 5.705152343750000000e+04
3.778888549804687500e+02 5.683887109375000000e+04
3.787777709960937500e+02 5.652267187500000000e+04
3.796666564941406250e+02 5.631776171875000000e+04
3.807777404785156250e+02 5.601095312500000000e+04
3.816666564941406250e+02 5.581556250000000000e+04
3.825555419921875000e+02 5.552375390625000000e+04
3.836666564941406250e+02 5.534546093750000000e+04
3.845555725097656250e+02 5.507400390625000000e+04
3.856666564941406250e+02 5.489234765625000000e+04
3.865555725097656250e+02 5.463777343750000000e+04
3.876666564941406250e+02 5.439327343750000000e+04
3.885555725097656250e+02 5.423199218750000000e+04
3.894443969726562500e+02 5.406970312500000000e+04
3.905555725097656250e+02 5.383964062500000000e+04
3.914443969726562500e+02 5.369669921875000000e+04
3.925555725097656250e+02 5.347876953125000000e+04
3.934443969726562500e+02 5.332989843750000000e+04
3.943333129882812500e+02 5.311919921875000000e+04
3.954443969726562500e+02 5.299101562500000000e+04
3.963333129882812500e+02 5.279062109375000000e+04
3.974443969726562500e+02 5.260591406250000000e+04
3.983333129882812500e+02 5.248646875000000000e+04
3.992222290039062500e+02 5.236444921875000000e+04
4.003333129882812500e+02 5.217956250000000000e+04
4.012222290039062500e+02 5.207889843750000000e+04
4.023333129882812500e+02 5.190426171875000000e+04
4.032222290039062500e+02 5.174859765625000000e+04
4.041110534667968750e+02 5.165361718750000000e+04
4.052222290039062500e+02 5.154972265625000000e+04
4.063333129882812500e+02 5.140901171875000000e+04
4.072222290039062500e+02 5.128504687500000000e+04
4.083333435058593750e+02 5.119785156250000000e+04
4.092222290039062500e+02 5.109201953125000000e+04
4.101110534667968750e+02 5.101117968750000000e+04
4.112222290039062500e+02 5.090100390625000000e+04
4.121110534667968750e+02 5.083170312500000000e+04
4.132221679687500000e+02 5.073461328125000000e+04
4.141110839843750000e+02 5.068161718750000000e+04
4.149999694824218750e+02 5.059703125000000000e+04
4.161110839843750000e+02 5.053724609375000000e+04
4.172221679687500000e+02 5.046847656250000000e+04
4.181110839843750000e+02 5.041882812500000000e+04
4.190000000000000000e+02 5.036060156250000000e+04
4.198888854980468750e+02 5.031242187500000000e+04
4.210000000000000000e+02 5.026699609375000000e+04
4.218888854980468750e+02 5.023444921875000000e+04
4.230000000000000000e+02 5.020417187500000000e+04
4.238889160156250000e+02 5.018312500000000000e+04
4.247777404785156250e+02 5.013333984375000000e+04
4.258889160156250000e+02 5.012800000000000000e+04
4.267777404785156250e+02 5.009594531250000000e+04
4.278889160156250000e+02 5.007886718750000000e+04
4.287777404785156250e+02 5.005928125000000000e+04
4.298888244628906250e+02 5.005620703125000000e+04
4.307777404785156250e+02 5.005717968750000000e+04
4.316666564941406250e+02 5.006478515625000000e+04
4.327777404785156250e+02 5.006875000000000000e+04
4.336666564941406250e+02 5.007150390625000000e+04
4.347777404785156250e+02 5.008955078125000000e+04
4.356666564941406250e+02 5.010307031250000000e+04
4.367777404785156250e+02 5.012702734375000000e+04
4.376666564941406250e+02 5.015859765625000000e+04
4.385555725097656250e+02 5.019818359375000000e+04
4.396666564941406250e+02 5.022481640625000000e+04
4.407777404785156250e+02 5.026877734375000000e+04
4.416666564941406250e+02 5.030424218750000000e+04
4.427777709960937500e+02 5.036060156250000000e+04
4.436666564941406250e+02 5.043259765625000000e+04
4.445555725097656250e+02 5.047827734375000000e+04
4.456666564941406250e+02 5.052825390625000000e+04
4.465554809570312500e+02 5.061355859375000000e+04
4.476666870117187500e+02 5.070398046875000000e+04
4.485555114746093750e+02 5.076232812500000000e+04
4.496666870117187500e+02 5.086939062500000000e+04
4.503333129882812500e+02 5.093999609375000000e+04
4.514443969726562500e+02 5.104507031250000000e+04
4.525555114746093750e+02 5.112202343750000000e+04
4.534444274902343750e+02 5.124903125000000000e+04
4.543333129882812500e+02 5.132350000000000000e+04
4.554444274902343750e+02 5.144357812500000000e+04
4.563333129882812500e+02 5.152058593750000000e+04
4.574444274902343750e+02 5.164046484375000000e+04
4.583333435058593750e+02 5.173098046875000000e+04
4.592222290039062500e+02 5.186154687500000000e+04
4.603333435058593750e+02 5.195550781250000000e+04
4.614444274902343750e+02 5.209059765625000000e+04
4.623333435058593750e+02 5.219037109375000000e+04
4.634444274902343750e+02 5.232779296875000000e+04
4.643333435058593750e+02 5.243467968750000000e+04
4.654444274902343750e+02 5.256687890625000000e+04
4.663333435058593750e+02 5.267568750000000000e+04
4.674444274902343750e+02 5.282307812500000000e+04
4.683333435058593750e+02 5.292762500000000000e+04
4.694444274902343750e+02 5.307728125000000000e+04
4.705555419921875000e+02 5.316372656250000000e+04
4.714444580078125000e+02 5.331971875000000000e+04
4.725555419921875000e+02 5.342525781250000000e+04
4.734444580078125000e+02 5.358018750000000000e+04
4.743332824707031250e+02 5.367078515625000000e+04
4.754444580078125000e+02 5.382977734375000000e+04
4.763332824707031250e+02 5.392237500000000000e+04
4.774444580078125000e+02 5.408242187500000000e+04
4.783332824707031250e+02 5.417612500000000000e+04
4.794444580078125000e+02 5.432596484375000000e+04
4.803332824707031250e+02 5.442395312500000000e+04
4.812221984863281250e+02 5.458112890625000000e+04
4.823332824707031250e+02 5.470814062500000000e+04
4.832221984863281250e+02 5.480775000000000000e+04
4.843332824707031250e+02 5.495531640625000000e+04
4.852221984863281250e+02 5.506085156250000000e+04
4.863332824707031250e+02 5.520767187500000000e+04
4.872221984863281250e+02 5.528833203125000000e+04
4.881111145019531250e+02 5.546595312500000000e+04
4.890000305175781250e+02 5.560928515625000000e+04
4.898888549804687500e+02 5.581793359375000000e+04
4.905555725097656250e+02 5.597936328125000000e+04
4.914443969726562500e+02 5.622835156250000000e+04
4.921111145019531250e+02 5.638671093750000000e+04
4.927777709960937500e+02 5.664580078125000000e+04
4.932221984863281250e+02 5.680953125000000000e+04
4.938888549804687500e+02 5.705668750000000000e+04
4.943333129882812500e+02 5.722234375000000000e+04
4.949999389648437500e+02 5.748479296875000000e+04
4.954443969726562500e+02 5.764524609375000000e+04
4.958888549804687500e+02 5.788942187500000000e+04
4.963333129882812500e+02 5.806379687500000000e+04
4.965554809570312500e+02 5.830635546875000000e+04
4.969999389648437500e+02 5.847995703125000000e+04
4.972222290039062500e+02 5.871949609375000000e+04
4.976666870117187500e+02 5.889010937500000000e+04
4.978888549804687500e+02 5.913032031250000000e+04
4.983333129882812500e+02 5.927965625000000000e+04
4.985555114746093750e+02 5.952135937500000000e+04
4.987777709960937500e+02 5.966956640625000000e+04
4.989999389648437500e+02 5.988556250000000000e+04
4.992222290039062500e+02 6.001721484375000000e+04
4.994443969726562500e+02 6.020778515625000000e+04
4.996666870117187500e+02 6.032829296875000000e+04
4.998888549804687500e+02 6.048431250000000000e+04
4.998888549804687500e+02 6.059258984375000000e+04
5.001111450195312500e+02 6.075083203125000000e+04
5.003333129882812500e+02 6.084949609375000000e+04
5.005555114746093750e+02 6.098939453125000000e+04
5.005555114746093750e+02 6.107447656250000000e+04
5.007777709960937500e+02 6.120369140625000000e+04
5.009999694824218750e+02 6.131186328125000000e+04
5.009999694824218750e+02 6.138244531250000000e+04
5.012222290039062500e+02 6.146337109375000000e+04
5.012222290039062500e+02 6.156903125000000000e+04
5.014443969726562500e+02 6.167727343750000000e+04
5.014443969726562500e+02 6.174509375000000000e+04
5.016666870117187500e+02 6.181655859375000000e+04
5.016666870117187500e+02 6.191839843750000000e+04
5.016666870117187500e+02 6.199187500000000000e+04
5.016666870117187500e+02 6.208464453125000000e+04
5.018888549804687500e+02 6.215358984375000000e+04
5.018888549804687500e+02 6.219729687500000000e+04
5.018888549804687500e+02 6.224299218750000000e+04
5.021110534667968750e+02 6.228505078125000000e+04
5.021110534667968750e+02 6.232686328125000000e+04
5.021110534667968750e+02 6.237869921875000000e+04
5.021110534667968750e+02 6.244006250000000000e+04
5.021110534667968750e+02 6.254906250000000000e+04
5.016666870117187500e+02 6.275842187500000000e+04
5.014443969726562500e+02 6.293305078125000000e+04
5.009999694824218750e+02 6.323585937500000000e+04
5.003333129882812500e+02 6.345643750000000000e+04
4.996666870117187500e+02 6.380378906250000000e+04
4.989999389648437500e+02 6.405666406250000000e+04
4.981111145019531250e+02 6.445502343750000000e+04
4.969999389648437500e+02 6.474396093750000000e+04
4.963333129882812500e+02 6.514690234375000000e+04
4.949999389648437500e+02 6.543437890625000000e+04
4.938888549804687500e+02 6.586383593750000000e+04
4.927777709960937500e+02 6.616286718750000000e+04
4.914443969726562500e+02 6.662219531250000000e+04
4.903333129882812500e+02 6.693859375000000000e+04
4.890000305175781250e+02 6.739648437500000000e+04
4.876666564941406250e+02 6.773642187500000000e+04
4.861111145019531250e+02 6.822277343750000000e+04
4.845555725097656250e+02 6.855217187500000000e+04
4.832221984863281250e+02 6.903564843750000000e+04
4.814444580078125000e+02 6.936671093750000000e+04
4.801110839843750000e+02 6.984638281250000000e+04
4.785555419921875000e+02 7.016482812500000000e+04
4.767777404785156250e+02 7.062839062500000000e+04
4.754444580078125000e+02 7.093669531250000000e+04
4.734444580078125000e+02 7.138811718750000000e+04
4.718888854980468750e+02 7.169811718750000000e+04
4.701110839843750000e+02 7.216264062500000000e+04
4.685555419921875000e+02 7.247553125000000000e+04
4.665555419921875000e+02 7.294992187500000000e+04
4.647778015136718750e+02 7.326089062500000000e+04
4.629999694824218750e+02 7.372218750000000000e+04
4.612222290039062500e+02 7.403334375000000000e+04
4.594444274902343750e+02 7.449977343750000000e+04
4.576665954589843750e+02 7.481383593750000000e+04
4.558888854980468750e+02 7.529373437500000000e+04
4.538888549804687500e+02 7.562725781250000000e+04
4.521110534667968750e+02 7.612035156250000000e+04
4.503333129882812500e+02 7.646525000000000000e+04
4.483333129882812500e+02 7.698096875000000000e+04
4.465554809570312500e+02 7.732640625000000000e+04
4.445555725097656250e+02 7.787453906250000000e+04
4.425555725097656250e+02 7.824339062500000000e+04
4.405555725097656250e+02 7.880805468750000000e+04
4.387777404785156250e+02 7.922220312500000000e+04
4.370000305175781250e+02 7.982412500000000000e+04
4.347777404785156250e+02 8.045153125000000000e+04
4.330000000000000000e+02 8.086939843750000000e+04
4.312221984863281250e+02 8.131415625000000000e+04
4.292221984863281250e+02 8.197888281250000000e+04
4.272221984863281250e+02 8.241440625000000000e+04
4.254444580078125000e+02 8.312243750000000000e+04
4.234444580078125000e+02 8.384188281250000000e+04
4.212221679687500000e+02 8.433007812500000000e+04
4.194444274902343750e+02 8.507958593750000000e+04
4.174444274902343750e+02 8.560403906250000000e+04
4.154444274902343750e+02 8.638625000000000000e+04
4.134444274902343750e+02 8.694494531250000000e+04
4.114444274902343750e+02 8.779246093750000000e+04
4.096665954589843750e+02 8.836837500000000000e+04
4.076665954589843750e+02 8.926295312500000000e+04
4.056666870117187500e+02 8.987235156250000000e+04
4.036666870117187500e+02 9.083589843750000000e+04
4.016666870117187500e+02 9.148597656250000000e+04
3.996666870117187500e+02 9.249492968750000000e+04
3.976666870117187500e+02 9.317988281250000000e+04
3.956666564941406250e+02 9.426299218750000000e+04
3.936666564941406250e+02 9.500179687500000000e+04
3.916666564941406250e+02 9.613089843750000000e+04
3.894443969726562500e+02 9.691335156250000000e+04
3.876666564941406250e+02 9.811639843750000000e+04
3.856666564941406250e+02 9.893934375000000000e+04
3.836666564941406250e+02 1.002376796875000000e+05
3.816666564941406250e+02 1.011221093750000000e+05
3.796666564941406250e+02 1.025072656250000000e+05
3.776666259765625000e+02 1.034503359375000000e+05
3.756666259765625000e+02 1.049033203125000000e+05
3.736666259765625000e+02 1.058948593750000000e+05
3.716666259765625000e+02 1.074361171875000000e+05
3.696666564941406250e+02 1.085025156250000000e+05
3.676666564941406250e+02 1.101625000000000000e+05
3.656666564941406250e+02 1.113006406250000000e+05
3.638888854980468750e+02 1.130616015625000000e+05
3.618888854980468750e+02 1.142709765625000000e+05
3.596666564941406250e+02 1.161549765625000000e+05
3.578888854980468750e+02 1.174373437500000000e+05
3.558888854980468750e+02 1.194684296875000000e+05
3.536666564941406250e+02 1.208466015625000000e+05
3.516666259765625000e+02 1.230152812500000000e+05
3.496666259765625000e+02 1.245101015625000000e+05
3.476666259765625000e+02 1.268162734375000000e+05
3.456666259765625000e+02 1.284119375000000000e+05
3.436666564941406250e+02 1.309035000000000000e+05
3.418888854980468750e+02 1.326177968750000000e+05
3.398888854980468750e+02 1.352787656250000000e+05
3.376666564941406250e+02 1.371213906250000000e+05
3.358888854980468750e+02 1.399626875000000000e+05
3.336666564941406250e+02 1.429390937500000000e+05
3.318888854980468750e+02 1.449691093750000000e+05
3.298888854980468750e+02 1.481542343750000000e+05
3.276666259765625000e+02 1.503561406250000000e+05
3.258888549804687500e+02 1.537771406250000000e+05
3.241110839843750000e+02 1.561331718750000000e+05
3.218888549804687500e+02 1.598143437500000000e+05
3.198888549804687500e+02 1.623448750000000000e+05
3.181110839843750000e+02 1.662410000000000000e+05
3.158888854980468750e+02 1.689430625000000000e+05
3.138888854980468750e+02 1.731496718750000000e+05
3.118888854980468750e+02 1.760576406250000000e+05
3.098888854980468750e+02 1.805704843750000000e+05
3.078888854980468750e+02 1.837026875000000000e+05
3.061111145019531250e+02 1.885788437500000000e+05
3.041110839843750000e+02 1.919285468750000000e+05
3.021110839843750000e+02 1.971782500000000000e+05
3.003333129882812500e+02 2.007972343750000000e+05
2.981110839843750000e+02 2.064708437500000000e+05
2.961110839843750000e+02 2.103847187500000000e+05
2.943333129882812500e+02 2.164844218750000000e+05
2.923333129882812500e+02 2.207167968750000000e+05
2.903333129882812500e+02 2.273307968750000000e+05
2.883332824707031250e+02 2.318717812500000000e+05
2.865555114746093750e+02 2.390243437500000000e+05
2.843333435058593750e+02 2.439399218750000000e+05
2.825555419921875000e+02 2.516190312500000000e+05
2.805555419921875000e+02 2.569500625000000000e+05
2.785555419921875000e+02 2.652953437500000000e+05
2.765555419921875000e+02 2.710952812500000000e+05
2.745555419921875000e+02 2.800555937500000000e+05
2.727777709960937500e+02 2.863028750000000000e+05
2.707777709960937500e+02 2.960772187500000000e+05
2.687777709960937500e+02 3.028413437500000000e+05
2.667777709960937500e+02 3.134465000000000000e+05
2.649999694824218750e+02 3.207259062500000000e+05
2.629999694824218750e+02 3.322119375000000000e+05
2.609999694824218750e+02 3.401221562500000000e+05
2.589999694824218750e+02 3.525962187500000000e+05
2.572221984863281250e+02 3.612303125000000000e+05
2.549999694824218750e+02 3.747822187500000000e+05
2.532221832275390625e+02 3.842239687500000000e+05
2.514444122314453125e+02 3.989850000000000000e+05
2.492222290039062500e+02 4.092419687500000000e+05
2.474444427490234375e+02 4.253077187500000000e+05
2.454444427490234375e+02 4.364468750000000000e+05
2.436666717529296875e+02 4.539265000000000000e+05
2.414444427490234375e+02 4.661752187500000000e+05
2.396666564941406250e+02 4.852848125000000000e+05
2.378888854980468750e+02 4.986070625000000000e+05
2.356666564941406250e+02 5.195441875000000000e+05
2.338888854980468750e+02 5.340909375000000000e+05
2.318888702392578125e+02 5.571008750000000000e+05
2.301110992431640625e+02 5.728386875000000000e+05
2.283333282470703125e+02 5.966630000000000000e+05
2.265555419921875000e+02 6.205460625000000000e+05
2.250000000000000000e+02 6.365904375000000000e+05
2.234444427490234375e+02 6.525318125000000000e+05
2.218888549804687500e+02 6.766006875000000000e+05
2.205555419921875000e+02 7.004094375000000000e+05
2.189999847412109375e+02 7.161095625000000000e+05
2.176666717529296875e+02 7.400098750000000000e+05
2.161111145019531250e+02 7.559197500000000000e+05
2.149999847412109375e+02 7.714911250000000000e+05
2.136666564941406250e+02 7.949111250000000000e+05
2.125555267333984375e+02 8.180229375000000000e+05
2.112221984863281250e+02 8.333138750000000000e+05
2.101111145019531250e+02 8.557839375000000000e+05
2.089999694824218750e+02 8.708613125000000000e+05
2.078888702392578125e+02 8.927625000000000000e+05
2.067777862548828125e+02 9.071875625000000000e+05
2.058888702392578125e+02 9.285396250000000000e+05
2.050000000000000000e+02 9.426988750000000000e+05
2.041110992431640625e+02 9.633392500000000000e+05
2.032221832275390625e+02 9.764360000000000000e+05
2.023333282470703125e+02 9.963304375000000000e+05
2.014444122314453125e+02 1.008982812500000000e+06
2.005555419921875000e+02 1.027901875000000000e+06
1.998888702392578125e+02 1.040268437500000000e+06
1.990000000000000000e+02 1.058711500000000000e+06
1.981110839843750000e+02 1.070140250000000000e+06
1.974444427490234375e+02 1.087359000000000000e+06
1.967777709960937500e+02 1.098541250000000000e+06
1.961110839843750000e+02 1.114563125000000000e+06
1.954444427490234375e+02 1.125072125000000000e+06
1.947777557373046875e+02 1.140319750000000000e+06
1.941110839843750000e+02 1.150022875000000000e+06
1.934444427490234375e+02 1.164066250000000000e+06
1.929999847412109375e+02 1.173245000000000000e+06
1.923332977294921875e+02 1.186573125000000000e+06
1.918888854980468750e+02 1.194710875000000000e+06
1.912222137451171875e+02 1.206970625000000000e+06
1.907777557373046875e+02 1.214773250000000000e+06
1.903332977294921875e+02 1.226098875000000000e+06
1.898888854980468750e+02 1.233349625000000000e+06
1.892222137451171875e+02 1.243783875000000000e+06
1.889999847412109375e+02 1.250696000000000000e+06
1.885555267333984375e+02 1.259927125000000000e+06
1.881111145019531250e+02 1.265949125000000000e+06
1.876666564941406250e+02 1.274796125000000000e+06
1.872221984863281250e+02 1.280344000000000000e+06
1.869999694824218750e+02 1.287691875000000000e+06
1.865555267333984375e+02 1.292759750000000000e+06
1.861111145019531250e+02 1.299539875000000000e+06
1.858888854980468750e+02 1.303022125000000000e+06
1.856666564941406250e+02 1.306760500000000000e+06
1.854444274902343750e+02 1.308053750000000000e+06
1.854444274902343750e+02 1.308784625000000000e+06
1.852221984863281250e+02 1.308076000000000000e+06
1.852221984863281250e+02 1.305814500000000000e+06
1.852221984863281250e+02 1.303228500000000000e+06
1.849999694824218750e+02 1.298036375000000000e+06
1.849999694824218750e+02 1.293886625000000000e+06
1.849999694824218750e+02 1.286076750000000000e+06
1.849999694824218750e+02 1.280656000000000000e+06
1.849999694824218750e+02 1.270738625000000000e+06
1.852221984863281250e+02 1.263684250000000000e+06
1.854444274902343750e+02 1.252099875000000000e+06
1.856666564941406250e+02 1.239162625000000000e+06
1.858888854980468750e+02 1.229880125000000000e+06
1.861111145019531250e+02 1.220533500000000000e+06
1.863333435058593750e+02 1.205748500000000000e+06
1.865555267333984375e+02 1.190014125000000000e+06
1.867777557373046875e+02 1.179096375000000000e+06
1.869999694824218750e+02 1.162200000000000000e+06
1.872221984863281250e+02 1.150776375000000000e+06
1.876666564941406250e+02 1.133381375000000000e+06
1.881111145019531250e+02 1.121430750000000000e+06
1.885555267333984375e+02 1.102847625000000000e+06
1.887777557373046875e+02 1.090449375000000000e+06
1.892222137451171875e+02 1.071550250000000000e+06
1.896666564941406250e+02 1.058904500000000000e+06
1.903332977294921875e+02 1.039491062500000000e+06
1.907777557373046875e+02 1.026359187500000000e+06
1.912222137451171875e+02 1.006722312500000000e+06
1.916666717529296875e+02 9.936391250000000000e+05
1.921110839843750000e+02 9.742393125000000000e+05
1.927777557373046875e+02 9.613368750000000000e+05
1.932222137451171875e+02 9.418799375000000000e+05
1.936666717529296875e+02 9.291366250000000000e+05
1.943333129882812500e+02 9.096633750000000000e+05
1.949999847412109375e+02 8.967486250000000000e+05
1.956666717529296875e+02 8.775632500000000000e+05
1.961110839843750000e+02 8.649526875000000000e+05
1.967777709960937500e+02 8.459779375000000000e+05
1.974444427490234375e+02 8.336361250000000000e+05
1.981110839843750000e+02 8.151028750000000000e+05
1.987777709960937500e+02 8.030863125000000000e+05
1.994444580078125000e+02 7.851175625000000000e+05
2.001110839843750000e+02 7.732550625000000000e+05
2.007777709960937500e+02 7.557753125000000000e+05
2.014444122314453125e+02 7.442145000000000000e+05
2.021110992431640625e+02 7.272531250000000000e+05
2.027777709960937500e+02 7.160613750000000000e+05
2.036666412353515625e+02 6.995502500000000000e+05
2.043333282470703125e+02 6.887146875000000000e+05
2.050000000000000000e+02 6.726481875000000000e+05
2.056666412353515625e+02 6.621213750000000000e+05
2.065555572509765625e+02 6.466634375000000000e+05
2.072221984863281250e+02 6.365428750000000000e+05
2.078888702392578125e+02 6.217338125000000000e+05
2.087777404785156250e+02 6.119017500000000000e+05
2.096666564941406250e+02 5.975015625000000000e+05
2.103333282470703125e+02 5.881232500000000000e+05
2.112221984863281250e+02 5.743720000000000000e+05
2.118888854980468750e+02 5.652931875000000000e+05
2.127777557373046875e+02 5.519073125000000000e+05
2.136666564941406250e+02 5.432250000000000000e+05
2.143332977294921875e+02 5.303663750000000000e+05
2.152222137451171875e+02 5.220056250000000000e+05
2.161111145019531250e+02 5.096940937500000000e+05
2.167777557373046875e+02 5.016658437500000000e+05
2.176666717529296875e+02 4.899275000000000000e+05
2.183333129882812500e+02 4.822629375000000000e+05
2.192222137451171875e+02 4.709440937500000000e+05
2.201110839843750000e+02 4.636015312500000000e+05
2.209999847412109375e+02 4.528375312500000000e+05
2.218888549804687500e+02 4.423732500000000000e+05
2.227777709960937500e+02 4.355029062500000000e+05
2.236666412353515625e+02 4.287864375000000000e+05
2.245555419921875000e+02 4.188726875000000000e+05
2.252222290039062500e+02 4.124168125000000000e+05
2.261110992431640625e+02 4.029239687500000000e+05
2.270000000000000000e+02 3.936876250000000000e+05
2.278888702392578125e+02 3.876195312500000000e+05
2.287777709960937500e+02 3.817487187500000000e+05
2.296666412353515625e+02 3.729974375000000000e+05
2.305555572509765625e+02 3.644833437500000000e+05
2.314444274902343750e+02 3.589481562500000000e+05
2.323333282470703125e+02 3.508378750000000000e+05
2.332221984863281250e+02 3.455331875000000000e+05
2.341110992431640625e+02 3.377191562500000000e+05
2.349999694824218750e+02 3.326627500000000000e+05
2.358888854980468750e+02 3.252120625000000000e+05
2.367777557373046875e+02 3.203335312500000000e+05
2.376666564941406250e+02 3.131630312500000000e+05
2.385555267333984375e+02 3.085133125000000000e+05
2.394444274902343750e+02 3.016935312500000000e+05
2.403332977294921875e+02 2.972817812500000000e+05
2.412222137451171875e+02 2.907035625000000000e+05
2.423332977294921875e+02 2.864355625000000000e+05
2.429999847412109375e+02 2.801685000000000000e+05
2.441110839843750000e+02 2.761030000000000000e+05
2.449999847412109375e+02 2.701509062500000000e+05
2.458888549804687500e+02 2.662467812500000000e+05
2.467777709960937500e+02 2.605339218750000000e+05
2.476666259765625000e+02 2.568116562500000000e+05
2.487777709960937500e+02 2.513306093750000000e+05
2.496666412353515625e+02 2.477770000000000000e+05
2.505555419921875000e+02 2.425419531250000000e+05
2.516666412353515625e+02 2.391507343750000000e+05
2.525555419921875000e+02 2.341427343750000000e+05
2.534444122314453125e+02 2.308782656250000000e+05
2.543333282470703125e+02 2.261150468750000000e+05
2.552221984863281250e+02 2.229932968750000000e+05
2.561111145019531250e+02 2.184546875000000000e+05
2.569999694824218750e+02 2.154831406250000000e+05
2.578888854980468750e+02 2.111315156250000000e+05
2.589999694824218750e+02 2.083052187500000000e+05
2.598888854980468750e+02 2.041525000000000000e+05
2.607777404785156250e+02 2.014494375000000000e+05
2.616666564941406250e+02 1.974601093750000000e+05
2.627777404785156250e+02 1.948634687500000000e+05
2.636666564941406250e+02 1.911127812500000000e+05
2.645555114746093750e+02 1.886155937500000000e+05
2.654444274902343750e+02 1.849864531250000000e+05
2.663333129882812500e+02 1.826182968750000000e+05
2.674444274902343750e+02 1.791579687500000000e+05
2.683333129882812500e+02 1.768996093750000000e+05
2.692222290039062500e+02 1.735814062500000000e+05
2.703333129882812500e+02 1.714240468750000000e+05
2.712222290039062500e+02 1.682627343750000000e+05
2.723333129882812500e+02 1.661854062500000000e+05
2.732222290039062500e+02 1.631514062500000000e+05
2.741110839843750000e+02 1.611780937500000000e+05
2.750000000000000000e+02 1.582799218750000000e+05
2.761110839843750000e+02 1.563843125000000000e+05
2.770000000000000000e+02 1.535915625000000000e+05
2.778888549804687500e+02 1.517809687500000000e+05
2.787777709960937500e+02 1.491106562500000000e+05
2.798888854980468750e+02 1.473721406250000000e+05
2.807777709960937500e+02 1.448122812500000000e+05
2.816666564941406250e+02 1.431164375000000000e+05
2.825555419921875000e+02 1.406338593750000000e+05
2.834444274902343750e+02 1.390287656250000000e+05
2.845555725097656250e+02 1.366486718750000000e+05
2.854444274902343750e+02 1.350776718750000000e+05
2.863333435058593750e+02 1.327730312500000000e+05
2.874444274902343750e+02 1.312912343750000000e+05
2.883332824707031250e+02 1.290662421875000000e+05
2.892221984863281250e+02 1.276190859375000000e+05
2.903333129882812500e+02 1.254676015625000000e+05
2.912221984863281250e+02 1.240876875000000000e+05
2.921110839843750000e+02 1.220115390625000000e+05
2.932221984863281250e+02 1.206383671875000000e+05
2.941110839843750000e+02 1.186286796875000000e+05
2.950000000000000000e+02 1.173275312500000000e+05
2.961110839843750000e+02 1.153984531250000000e+05
2.970000000000000000e+02 1.141423984375000000e+05
2.978888549804687500e+02 1.122658828125000000e+05
2.990000000000000000e+02 1.110548125000000000e+05
2.998888549804687500e+02 1.092451796875000000e+05
3.007777709960937500e+02 1.080695234375000000e+05
3.018888549804687500e+02 1.063207968750000000e+05
3.027777709960937500e+02 1.051931875000000000e+05
3.038888549804687500e+02 1.035118046875000000e+05
3.047777709960937500e+02 1.024155390625000000e+05
3.054444274902343750e+02 1.007812421875000000e+05
3.065555419921875000e+02 9.971386718750000000e+04
3.074444274902343750e+02 9.814927343750000000e+04
3.085555725097656250e+02 9.660931250000000000e+04
3.094444274902343750e+02 9.559553125000000000e+04
3.105555114746093750e+02 9.461308593750000000e+04
3.114444274902343750e+02 9.315500781250000000e+04
3.123333435058593750e+02 9.221007812500000000e+04
3.134444274902343750e+02 9.078592187500000000e+04
3.143333129882812500e+02 8.941256250000000000e+04
3.152221984863281250e+02 8.849464843750000000e+04
3.163333129882812500e+02 8.718464062500000000e+04
3.172221984863281250e+02 8.630258593750000000e+04
3.181110839843750000e+02 8.502434375000000000e+04
3.192222290039062500e+02 8.418536718750000000e+04
3.201110839843750000e+02 8.296290625000000000e+04
3.210000000000000000e+02 8.215049218750000000e+04
3.221110839843750000e+02 8.095575000000000000e+04
3.230000000000000000e+02 8.017563281250000000e+04
3.241110839843750000e+02 7.903921093750000000e+04
3.250000000000000000e+02 7.828892187500000000e+04
3.258888549804687500e+02 7.720692968750000000e+04
3.270000000000000000e+02 7.648547656250000000e+04
3.278888549804687500e+02 7.543493750000000000e+04
3.287777709960937500e+02 7.474648437500000000e+04
3.296666564941406250e+02 7.372666406250000000e+04
3.307777709960937500e+02 7.306603125000000000e+04
3.316666564941406250e+02 7.209022656250000000e+04
3.327777404785156250e+02 7.146136718750000000e+04
3.336666564941406250e+02 7.053238281250000000e+04
3.345555114746093750e+02 6.992144531250000000e+04
3.354444274902343750e+02 6.904328125000000000e+04
3.365555114746093750e+02 6.846800000000000000e+04
3.374444274902343750e+02 6.759702343750000000e+04
3.383332824707031250e+02 6.704825000000000000e+04
3.394444274902343750e+02 6.623742187500000000e+04
3.403333129882812500e+02 6.570367968750000000e+04
3.414444274902343750e+02 6.491906250000000000e+04
3.423333129882812500e+02 6.441246484375000000e+04
3.432221984863281250e+02 6.367088281250000000e+04
3.443333129882812500e+02 6.318925000000000000e+04
3.452222290039062500e+02 6.248511718750000000e+04
3.463333129882812500e+02 6.201264453125000000e+04
3.472222290039062500e+02 6.134293750000000000e+04
3.483333129882812500e+02 6.091101953125000000e+04
3.492222290039062500e+02 6.028135546875000000e+04
3.501110839843750000e+02 5.986174218750000000e+04
3.512221984863281250e+02 5.925454296875000000e+04
3.521110839843750000e+02 5.886386328125000000e+04
3.532221984863281250e+02 5.829920312500000000e+04
3.541110839843750000e+02 5.792991015625000000e+04
3.549999694824218750e+02 5.739240234375000000e+04
3.561111145019531250e+02 5.703044921875000000e+04
3.569999694824218750e+02 5.652185156250000000e+04
3.581111145019531250e+02 5.619953515625000000e+04
3.589999694824218750e+02 5.572263671875000000e+04
3.598888854980468750e+02 5.542131640625000000e+04
3.609999694824218750e+02 5.497655468750000000e+04
3.618888854980468750e+02 5.469581250000000000e+04
3.627777404785156250e+02 5.426690625000000000e+04
3.638888854980468750e+02 5.400610156250000000e+04
3.647777404785156250e+02 5.362312109375000000e+04
3.656666564941406250e+02 5.338364453125000000e+04
3.667777709960937500e+02 5.302055468750000000e+04
3.678888549804687500e+02 5.267861718750000000e+04
3.687777709960937500e+02 5.245996484375000000e+04
3.696666564941406250e+02 5.214836328125000000e+04
3.707777709960937500e+02 5.194097265625000000e+04
3.716666259765625000e+02 5.175728515625000000e+04
3.727777709960937500e+02 5.147254687500000000e+04
3.736666259765625000e+02 5.120669140625000000e+04
3.745555419921875000e+02 5.102787890625000000e+04
3.756666259765625000e+02 5.077521484375000000e+04
3.765555419921875000e+02 5.061931250000000000e+04
3.776666259765625000e+02 5.038829687500000000e+04
3.787777709960937500e+02 5.023153515625000000e+04
3.796666564941406250e+02 5.002059765625000000e+04
3.805555419921875000e+02 4.988125781250000000e+04
3.814444580078125000e+02 4.966835546875000000e+04
3.825555419921875000e+02 4.953242187500000000e+04
3.836666564941406250e+02 4.934770312500000000e+04
3.845555725097656250e+02 4.922849609375000000e+04
3.854443969726562500e+02 4.904412500000000000e+04
3.865555725097656250e+02 4.891885156250000000e+04
3.874443969726562500e+02 4.876139062500000000e+04
3.885555725097656250e+02 4.863957031250000000e+04
3.894443969726562500e+02 4.849679687500000000e+04
3.903333129882812500e+02 4.838431640625000000e+04
3.912221984863281250e+02 4.822967578125000000e+04
3.923333129882812500e+02 4.813515625000000000e+04
3.932221984863281250e+02 4.799509765625000000e+04
3.943333129882812500e+02 4.785144921875000000e+04
3.952222290039062500e+02 4.776207031250000000e+04
3.963333129882812500e+02 4.768068359375000000e+04
3.972222290039062500e+02 4.755951562500000000e+04
3.981111145019531250e+02 4.747405078125000000e+04
3.992222290039062500e+02 4.736347656250000000e+04
4.001111450195312500e+02 4.728625781250000000e+04
4.009999694824218750e+02 4.717886328125000000e+04
4.021110534667968750e+02 4.710819140625000000e+04
4.029999694824218750e+02 4.700541796875000000e+04
4.041110534667968750e+02 4.694064062500000000e+04
4.052222290039062500e+02 4.684192187500000000e+04
4.061110534667968750e+02 4.676212500000000000e+04
4.069999694824218750e+02 4.670397265625000000e+04
4.081110534667968750e+02 4.665732812500000000e+04
4.089999694824218750e+02 4.658961718750000000e+04
4.098888854980468750e+02 4.654748437500000000e+04
4.109999694824218750e+02 4.647617187500000000e+04
4.118888854980468750e+02 4.643999609375000000e+04
4.129999694824218750e+02 4.638003125000000000e+04
4.138888854980468750e+02 4.633703125000000000e+04
4.147778015136718750e+02 4.629684765625000000e+04
4.158888854980468750e+02 4.625160546875000000e+04
4.167778015136718750e+02 4.621921875000000000e+04
4.178888854980468750e+02 4.619326562500000000e+04
4.187777099609375000e+02 4.616185156250000000e+04
4.196666259765625000e+02 4.612360937500000000e+04
4.207777099609375000e+02 4.611396875000000000e+04
4.216666259765625000e+02 4.610609375000000000e+04
4.227777099609375000e+02 4.609541015625000000e+04
4.236666259765625000e+02 4.608287890625000000e+04
4.245555419921875000e+02 4.607765625000000000e+04
4.256666259765625000e+02 4.608022656250000000e+04
4.267777404785156250e+02 4.608183203125000000e+04
4.274444580078125000e+02 4.609195312500000000e+04
4.285555419921875000e+02 4.610207812500000000e+04
4.296666564941406250e+02 4.612063671875000000e+04
4.305555419921875000e+02 4.613589843750000000e+04
4.316666564941406250e+02 4.615598437500000000e+04
4.325555419921875000e+02 4.617671484375000000e+04
4.334444580078125000e+02 4.621801562500000000e+04
4.345555725097656250e+02 4.624557812500000000e+04
4.354443969726562500e+02 4.629749218750000000e+04
4.365555725097656250e+02 4.632569921875000000e+04
4.374443969726562500e+02 4.639072265625000000e+04
4.383332824707031250e+02 4.641789062500000000e+04
4.394443969726562500e+02 4.648847265625000000e+04
4.405555725097656250e+02 4.653646875000000000e+04
4.414443969726562500e+02 4.661518750000000000e+04
4.423333129882812500e+02 4.666367968750000000e+04
4.434443969726562500e+02 4.674627734375000000e+04
4.445555725097656250e+02 4.680781250000000000e+04
4.454443969726562500e+02 4.689268750000000000e+04
4.463333129882812500e+02 4.696116015625000000e+04
4.474443969726562500e+02 4.705281640625000000e+04
4.483333129882812500e+02 4.711849218750000000e+04
4.494443969726562500e+02 4.722893359375000000e+04
4.503333129882812500e+02 4.730179687500000000e+04
4.512222290039062500e+02 4.741485546875000000e+04
4.523333129882812500e+02 4.748395703125000000e+04
4.532222290039062500e+02 4.761872656250000000e+04
4.543333129882812500e+02 4.771251171875000000e+04
4.552222290039062500e+02 4.783162109375000000e+04
4.563333129882812500e+02 4.792584765625000000e+04
4.572222290039062500e+02 4.805395312500000000e+04
4.583333435058593750e+02 4.814717187500000000e+04
4.592222290039062500e+02 4.828508984375000000e+04
4.603333435058593750e+02 4.838036328125000000e+04
4.612222290039062500e+02 4.853085546875000000e+04
4.621110534667968750e+02 4.863101562500000000e+04
4.632221679687500000e+02 4.877955468750000000e+04
4.643333435058593750e+02 4.895002343750000000e+04
4.652221679687500000e+02 4.904921484375000000e+04
4.663333435058593750e+02 4.921435546875000000e+04
4.672221679687500000e+02 4.932571875000000000e+04
4.683333435058593750e+02 4.947865625000000000e+04
4.692221679687500000e+02 4.958279687500000000e+04
4.703333435058593750e+02 4.973394921875000000e+04
4.712221679687500000e+02 4.984056250000000000e+04
4.723333435058593750e+02 5.001574218750000000e+04
4.732221679687500000e+02 5.012087500000000000e+04
4.743332824707031250e+02 5.028246093750000000e+04
4.752221679687500000e+02 5.038635156250000000e+04
4.763332824707031250e+02 5.056130468750000000e+04
4.772221984863281250e+02 5.065504296875000000e+04
4.783332824707031250e+02 5.084053515625000000e+04
4.792221984863281250e+02 5.093894140625000000e+04
4.803332824707031250e+02 5.109380078125000000e+04
4.812221984863281250e+02 5.119906640625000000e+04
4.821111145019531250e+02 5.136357421875000000e+04
4.832221984863281250e+02 5.145355859375000000e+04
4.841111145019531250e+02 5.161327343750000000e+04
4.852221984863281250e+02 5.172408203125000000e+04
4.863332824707031250e+02 5.187811328125000000e+04
4.872221984863281250e+02 5.197638281250000000e+04
4.881111145019531250e+02 5.216258203125000000e+04
4.890000305175781250e+02 5.229040625000000000e+04
4.896666564941406250e+02 5.250971875000000000e+04
4.905555725097656250e+02 5.266389453125000000e+04
4.912221984863281250e+02 5.291021484375000000e+04
4.918888549804687500e+02 5.315575000000000000e+04
4.925555725097656250e+02 5.332883984375000000e+04
4.932221984863281250e+02 5.350467187500000000e+04
4.936666564941406250e+02 5.376726953125000000e+04
4.941111145019531250e+02 5.404100000000000000e+04
4.947777709960937500e+02 5.420882812500000000e+04
4.954443969726562500e+02 5.439302734375000000e+04
4.956666564941406250e+02 5.464495703125000000e+04
4.961111145019531250e+02 5.491456250000000000e+04
4.965554809570312500e+02 5.507858203125000000e+04
4.967777709960937500e+02 5.533957421875000000e+04
4.972222290039062500e+02 5.550887500000000000e+04
4.974443969726562500e+02 5.576141015625000000e+04
4.978888549804687500e+02 5.591390234375000000e+04
4.981111145019531250e+02 5.614215234375000000e+04
4.983333129882812500e+02 5.629147656250000000e+04
4.985555114746093750e+02 5.651816796875000000e+04
4.989999389648437500e+02 5.666317187500000000e+04
4.992222290039062500e+02 5.687387109375000000e+04
4.994443969726562500e+02 5.700683984375000000e+04
4.996666870117187500e+02 5.720044531250000000e+04
4.996666870117187500e+02 5.732914843750000000e+04
4.998888549804687500e+02 5.750530859375000000e+04
5.001111450195312500e+02 5.762176953125000000e+04
5.001111450195312500e+02 5.777479296875000000e+04
5.003333129882812500e+02 5.788408593750000000e+04
5.005555114746093750e+02 5.804695703125000000e+04
5.007777709960937500e+02 5.814800390625000000e+04
5.007777709960937500e+02 5.829698437500000000e+04
5.009999694824218750e+02 5.839043750000000000e+04
5.009999694824218750e+02 5.852328515625000000e+04
5.012222290039062500e+02 5.860912890625000000e+04
5.012222290039062500e+02 5.874828515625000000e+04
5.014443969726562500e+02 5.881696875000000000e+04
5.014443969726562500e+02 5.892951953125000000e+04
5.014443969726562500e+02 5.900645703125000000e+04
5.016666870117187500e+02 5.911114453125000000e+04
5.016666870117187500e+02 5.918687109375000000e+04
5.016666870117187500e+02 5.927438671875000000e+04
5.018888549804687500e+02 5.934890234375000000e+04
5.018888549804687500e+02 5.944023046875000000e+04
5.018888549804687500e+02 5.949310937500000000e+04
5.018888549804687500e+02 5.957515234375000000e+04
5.021110534667968750e+02 5.964048046875000000e+04
5.021110534667968750e+02 5.971332031250000000e+04
5.021110534667968750e+02 5.983610937500000000e+04
5.016666870117187500e+02 6.003444531250000000e+04
5.012222290039062500e+02 6.020728906250000000e+04
5.007777709960937500e+02 6.049083203125000000e+04
5.001111450195312500e+02 6.069502343750000000e+04
4.996666870117187500e+02 6.103333984375000000e+04
4.987777709960937500e+02 6.126525390625000000e+04
4.978888549804687500e+02 6.161533593750000000e+04
4.969999389648437500e+02 6.188539062500000000e+04
4.961111145019531250e+02 6.228720312500000000e+04
4.949999389648437500e+02 6.256703515625000000e+04
4.938888549804687500e+02 6.299687890625000000e+04
4.927777709960937500e+02 6.328860937500000000e+04
4.914443969726562500e+02 6.370283984375000000e+04
4.903333129882812500e+02 6.399843750000000000e+04
4.890000305175781250e+02 6.445743359375000000e+04
4.874443969726562500e+02 6.476217578125000000e+04
4.861111145019531250e+02 6.521948828125000000e+04
4.845555725097656250e+02 6.566576562500000000e+04
4.830000000000000000e+02 6.596160937500000000e+04
4.816666564941406250e+02 6.626936718750000000e+04
4.798888244628906250e+02 6.671784375000000000e+04
4.783332824707031250e+02 6.701926562500000000e+04
4.767777404785156250e+02 6.747839843750000000e+04
4.752221679687500000e+02 6.792227343750000000e+04
4.734444580078125000e+02 6.821532812500000000e+04
4.718888854980468750e+02 6.866567187500000000e+04
4.701110839843750000e+02 6.896523437500000000e+04
4.683333435058593750e+02 6.943155468750000000e+04
4.665555419921875000e+02 6.973650000000000000e+04
4.647778015136718750e+02 7.020867968750000000e+04
4.629999694824218750e+02 7.051447656250000000e+04
4.612222290039062500e+02 7.098616406250000000e+04
4.592222290039062500e+02 7.129391406250000000e+04
4.576665954589843750e+02 7.176340625000000000e+04
4.558888854980468750e+02 7.209427343750000000e+04
4.538888549804687500e+02 7.257078125000000000e+04
4.521110534667968750e+02 7.289445312500000000e+04
4.503333129882812500e+02 7.340123437500000000e+04
4.483333129882812500e+02 7.372015625000000000e+04
4.463333129882812500e+02 7.425123437500000000e+04
4.445555725097656250e+02 7.458284375000000000e+04
4.425555725097656250e+02 7.511450781250000000e+04
4.405555725097656250e+02 7.546675000000000000e+04
4.387777404785156250e+02 7.602346875000000000e+04
4.370000305175781250e+02 7.639880468750000000e+04
4.347777404785156250e+02 7.698700781250000000e+04
4.330000000000000000e+02 7.738037500000000000e+04
4.310000000000000000e+02 7.797141406250000000e+04
4.292221984863281250e+02 7.839507812500000000e+04
4.272221984863281250e+02 7.901700781250000000e+04
4.252221679687500000e+02 7.945625781250000000e+04
4.232221679687500000e+02 8.010942187500000000e+04
4.212221679687500000e+02 8.056572656250000000e+04
4.194444274902343750e+02 8.129872656250000000e+04
4.172221679687500000e+02 8.175833593750000000e+04
4.154444274902343750e+02 8.250521093750000000e+04
4.134444274902343750e+02 8.302034375000000000e+04
4.114444274902343750e+02 8.380863281250000000e+04
4.096665954589843750e+02 8.434593750000000000e+04
4.076665954589843750e+02 8.518412500000000000e+04
4.056666870117187500e+02 8.575750781250000000e+04
4.036666870117187500e+02 8.665548437500000000e+04
4.016666870117187500e+02 8.726878125000000000e+04
3.994443969726562500e+02 8.822139062500000000e+04
3.976666870117187500e+02 8.887475000000000000e+04
3.956666564941406250e+02 8.988898437500000000e+04
3.936666564941406250e+02 9.058459375000000000e+04
3.914443969726562500e+02 9.165697656250000000e+04
3.894443969726562500e+02 9.237964062500000000e+04
3.876666564941406250e+02 9.352017968750000000e+04
3.856666564941406250e+02 9.428010937500000000e+04
3.836666564941406250e+02 9.550272656250000000e+04
3.816666564941406250e+02 9.633239843750000000e+04
3.796666564941406250e+02 9.762344531250000000e+04
3.776666259765625000e+02 9.849880468750000000e+04
3.756666259765625000e+02 9.987642187500000000e+04
3.736666259765625000e+02 1.013008046875000000e+05
3.716666259765625000e+02 1.022677421875000000e+05
3.696666564941406250e+02 1.032685468750000000e+05
3.676666564941406250e+02 1.048203281250000000e+05
3.658888854980468750e+02 1.058841953125000000e+05
3.638888854980468750e+02 1.075550859375000000e+05
3.618888854980468750e+02 1.092830390625000000e+05
3.596666564941406250e+02 1.104826328125000000e+05
3.578888854980468750e+02 1.116835156250000000e+05
3.556666564941406250e+02 1.135909843750000000e+05
3.536666564941406250e+02 1.155598515625000000e+05
3.518888549804687500e+02 1.169097578125000000e+05
3.496666259765625000e+02 1.190321250000000000e+05
3.476666259765625000e+02 1.204902343750000000e+05
3.456666259765625000e+02 1.227507734375000000e+05
3.436666564941406250e+02 1.243153281250000000e+05
3.416666564941406250e+02 1.267366093750000000e+05
3.396666564941406250e+02 1.284086718750000000e+05
3.376666564941406250e+02 1.310087421875000000e+05
3.358888854980468750e+02 1.327907812500000000e+05
3.336666564941406250e+02 1.355974375000000000e+05
3.318888854980468750e+02 1.375069843750000000e+05
3.298888854980468750e+02 1.405042812500000000e+05
3.278888549804687500e+02 1.425707031250000000e+05
3.258888549804687500e+02 1.458014843750000000e+05
3.238888549804687500e+02 1.480282812500000000e+05
3.218888549804687500e+02 1.514632187500000000e+05
3.198888549804687500e+02 1.538503750000000000e+05
3.178888549804687500e+02 1.575376250000000000e+05
3.158888854980468750e+02 1.600813281250000000e+05
3.138888854980468750e+02 1.640630937500000000e+05
3.118888854980468750e+02 1.668076093750000000e+05
3.098888854980468750e+02 1.710928437500000000e+05
3.078888854980468750e+02 1.740565781250000000e+05
3.061111145019531250e+02 1.786742500000000000e+05
3.041110839843750000e+02 1.818603437500000000e+05
3.021110839843750000e+02 1.868392187500000000e+05
3.001110839843750000e+02 1.902658125000000000e+05
2.981110839843750000e+02 1.956340468750000000e+05
2.961110839843750000e+02 1.993375781250000000e+05
2.943333129882812500e+02 2.051171562500000000e+05
2.923333129882812500e+02 2.091089687500000000e+05
2.901111145019531250e+02 2.153408437500000000e+05
2.883332824707031250e+02 2.196555312500000000e+05
2.865555114746093750e+02 2.263822500000000000e+05
2.843333435058593750e+02 2.310108906250000000e+05
2.825555419921875000e+02 2.382818281250000000e+05
2.805555419921875000e+02 2.432995468750000000e+05
2.785555419921875000e+02 2.511725312500000000e+05
2.765555419921875000e+02 2.566187812500000000e+05
2.745555419921875000e+02 2.651091250000000000e+05
2.725555419921875000e+02 2.709881875000000000e+05
2.707777709960937500e+02 2.802034062500000000e+05
2.687777709960937500e+02 2.865548750000000000e+05
2.667777709960937500e+02 2.965058437500000000e+05
2.649999694824218750e+02 3.034176250000000000e+05
2.627777404785156250e+02 3.142639062500000000e+05
2.607777404785156250e+02 3.255599375000000000e+05
2.589999694824218750e+02 3.334132812500000000e+05
2.569999694824218750e+02 3.415371250000000000e+05
2.549999694824218750e+02 3.542354687500000000e+05
2.532221832275390625e+02 3.631660625000000000e+05
2.512222290039062500e+02 3.770786250000000000e+05
2.492222290039062500e+02 3.916783750000000000e+05
2.474444427490234375e+02 4.017755625000000000e+05
2.454444427490234375e+02 4.122475937500000000e+05
2.434444427490234375e+02 4.288066250000000000e+05
2.414444427490234375e+02 4.460967812500000000e+05
2.394444274902343750e+02 4.581955312500000000e+05
2.376666564941406250e+02 4.771590625000000000e+05
2.356666564941406250e+02 4.903579062500000000e+05
