1.982860107421875000e+02 3.969963750000000000e+05
1.961583404541015625e+02 4.171119375000000000e+05
1.942670898437500000e+02 4.495711250000000000e+05
1.921394348144531250e+02 4.839032812500000000e+05
1.904845886230468750e+02 5.078727187500000000e+05
1.883569335937500000e+02 5.326720000000000000e+05
1.867020416259765625e+02 5.715340625000000000e+05
1.850472106933593750e+02 5.984456250000000000e+05
1.833923645019531250e+02 6.402034375000000000e+05
1.817375335693359375e+02 6.836718750000000000e+05
1.800826873779296875e+02 7.133626250000000000e+05
1.784278564453125000e+02 7.591507500000000000e+05
1.767730102539062500e+02 7.904877500000000000e+05
1.753545379638671875e+02 8.384642500000000000e+05
1.741725311279296875e+02 8.710395625000000000e+05
1.727541046142578125e+02 9.204853125000000000e+05
1.713356323242187500e+02 9.539320625000000000e+05
1.701536102294921875e+02 1.004489750000000000e+06
1.687351837158203125e+02 1.038681437500000000e+06
1.675531311035156250e+02 1.090428250000000000e+06
1.663711090087890625e+02 1.124993250000000000e+06
1.651890563964843750e+02 1.177456125000000000e+06
1.642434539794921875e+02 1.212390750000000000e+06
1.630613861083984375e+02 1.264601625000000000e+06
1.621157836914062500e+02 1.299859125000000000e+06
1.609337768554687500e+02 1.352365375000000000e+06
1.599881286621093750e+02 1.387333750000000000e+06
1.588061065673828125e+02 1.439998500000000000e+06
1.580968780517578125e+02 1.474538000000000000e+06
1.571512298583984375e+02 1.526615625000000000e+06
1.562056121826171875e+02 1.561336250000000000e+06
1.552599639892578125e+02 1.612743125000000000e+06
1.543143615722656250e+02 1.647331750000000000e+06
1.536051330566406250e+02 1.697964000000000000e+06
1.526595306396484375e+02 1.731870875000000000e+06
1.521867065429687500e+02 1.781591250000000000e+06
1.512410583496093750e+02 1.815612500000000000e+06
1.505318603515625000e+02 1.864728625000000000e+06
1.498226318359375000e+02 1.897493875000000000e+06
1.491134338378906250e+02 1.945195500000000000e+06
1.484042053222656250e+02 1.975985875000000000e+06
1.479313812255859375e+02 2.022777625000000000e+06
1.472221832275390625e+02 2.053474625000000000e+06
1.465129547119140625e+02 2.098636250000000000e+06
1.460401306152343750e+02 2.129060000000000000e+06
1.453308868408203125e+02 2.172048250000000000e+06
1.448581085205078125e+02 2.200992250000000000e+06
1.443852844238281250e+02 2.243217000000000000e+06
1.436760559082031250e+02 2.271388250000000000e+06
1.432032775878906250e+02 2.311638000000000000e+06
1.427304534912109375e+02 2.338387250000000000e+06
1.422576293945312500e+02 2.377779500000000000e+06
1.417848052978515625e+02 2.401883000000000000e+06
1.415483856201171875e+02 2.434438750000000000e+06
1.413120269775390625e+02 2.452589750000000000e+06
1.410756072998046875e+02 2.475290750000000000e+06
1.408392028808593750e+02 2.486405250000000000e+06
1.406027832031250000e+02 2.499296000000000000e+06
1.406027832031250000e+02 2.504595750000000000e+06
1.403663787841796875e+02 2.508412500000000000e+06
1.403663787841796875e+02 2.508278000000000000e+06
1.403663787841796875e+02 2.504503500000000000e+06
1.403663787841796875e+02 2.498077000000000000e+06
1.403663787841796875e+02 2.484973250000000000e+06
1.403663787841796875e+02 2.474586500000000000e+06
1.403663787841796875e+02 2.455324750000000000e+06
1.403663787841796875e+02 2.431687000000000000e+06
1.406027832031250000e+02 2.414481250000000000e+06
1.408392028808593750e+02 2.384981500000000000e+06
1.410756072998046875e+02 2.362531250000000000e+06
1.413120269775390625e+02 2.340123750000000000e+06
1.415483856201171875e+02 2.303512000000000000e+06
1.417848052978515625e+02 2.265200750000000000e+06
1.420212097167968750e+02 2.237856500000000000e+06
1.424940338134765625e+02 2.195645000000000000e+06
1.427304534912109375e+02 2.166041500000000000e+06
1.432032775878906250e+02 2.120021500000000000e+06
1.434396362304687500e+02 2.088512750000000000e+06
1.439124603271484375e+02 2.040164875000000000e+06
1.443852844238281250e+02 2.009332875000000000e+06
1.448581085205078125e+02 1.959356375000000000e+06
1.453308868408203125e+02 1.926249500000000000e+06
1.458037109375000000e+02 1.875799125000000000e+06
1.462765350341796875e+02 1.842198750000000000e+06
1.467493591308593750e+02 1.792014750000000000e+06
1.472221832275390625e+02 1.758958750000000000e+06
1.476949615478515625e+02 1.708645250000000000e+06
1.484042053222656250e+02 1.675383125000000000e+06
1.491134338378906250e+02 1.625132500000000000e+06
1.495862121582031250e+02 1.591690500000000000e+06
1.502954559326171875e+02 1.542417000000000000e+06
1.510046844482421875e+02 1.509155625000000000e+06
1.517138824462890625e+02 1.461193625000000000e+06
1.521867065429687500e+02 1.429036000000000000e+06
1.528959350585937500e+02 1.381415500000000000e+06
1.536051330566406250e+02 1.350044750000000000e+06
1.543143615722656250e+02 1.304275250000000000e+06
1.550236053466796875e+02 1.274025625000000000e+06
1.557327880859375000e+02 1.229504750000000000e+06
1.566784362792968750e+02 1.200527500000000000e+06
1.573876342773437500e+02 1.157712125000000000e+06
1.580968780517578125e+02 1.129626875000000000e+06
1.588061065673828125e+02 1.088307625000000000e+06
1.597517089843750000e+02 1.061254250000000000e+06
1.604609527587890625e+02 1.021829750000000000e+06
1.611701354980468750e+02 9.961636250000000000e+05
1.621157836914062500e+02 9.586145000000000000e+05
1.630613861083984375e+02 9.340111875000000000e+05
1.637706298828125000e+02 8.982090000000000000e+05
1.644798583984375000e+02 8.748216250000000000e+05
1.654254608154296875e+02 8.406596250000000000e+05
1.663711090087890625e+02 8.188018750000000000e+05
1.673167114257812500e+02 7.868546875000000000e+05
1.680259552001953125e+02 7.661153750000000000e+05
1.689715576171875000e+02 7.357783750000000000e+05
1.699172058105468750e+02 7.064381250000000000e+05
1.708628540039062500e+02 6.876542500000000000e+05
1.718084564208984375e+02 6.692400625000000000e+05
1.727541046142578125e+02 6.424864375000000000e+05
1.736997070312500000e+02 6.252876875000000000e+05
1.744089355468750000e+02 6.001352500000000000e+05
1.753545379638671875e+02 5.759229375000000000e+05
1.765366058349609375e+02 5.603918125000000000e+05
1.774822082519531250e+02 5.379911875000000000e+05
1.784278564453125000e+02 5.235750625000000000e+05
1.793734588623046875e+02 5.026470937500000000e+05
1.803191070556640625e+02 4.891451250000000000e+05
1.812647094726562500e+02 4.697190000000000000e+05
1.822103576660156250e+02 4.571891562500000000e+05
1.831559600830078125e+02 4.390402812500000000e+05
1.841016082763671875e+02 4.273521250000000000e+05
1.850472106933593750e+02 4.105694062500000000e+05
1.862292633056640625e+02 3.997086250000000000e+05
1.871748657226562500e+02 3.841045312500000000e+05
1.881205139160156250e+02 3.739900000000000000e+05
1.893025360107421875e+02 3.593502500000000000e+05
1.902481842041015625e+02 3.499797500000000000e+05
1.911937866210937500e+02 3.364834375000000000e+05
1.923758392333984375e+02 3.277634062500000000e+05
1.933214416503906250e+02 3.151558750000000000e+05
1.942670898437500000e+02 3.070206875000000000e+05
1.954491119384765625e+02 2.953395000000000000e+05
1.966311187744140625e+02 2.878415937500000000e+05
1.975767669677734375e+02 2.770480625000000000e+05
1.985223693847656250e+02 2.700695000000000000e+05
1.997044372558593750e+02 2.600052968750000000e+05
2.006500396728515625e+02 2.535305000000000000e+05
2.018320922851562500e+02 2.441120156250000000e+05
2.027777099609375000e+02 2.381000156250000000e+05
2.037233581542968750e+02 2.294239218750000000e+05
2.049053649902343750e+02 2.238580312500000000e+05
2.060874328613281250e+02 2.157857031250000000e+05
2.070330352783203125e+02 2.105823125000000000e+05
2.082150878906250000e+02 2.030716562500000000e+05
2.091606903076171875e+02 1.982201875000000000e+05
2.103427124023437500e+02 1.912495625000000000e+05
2.112883605957031250e+02 1.868051093750000000e+05
2.124703674316406250e+02 1.803237812500000000e+05
2.136524353027343750e+02 1.761837656250000000e+05
2.145980377197265625e+02 1.701578437500000000e+05
2.157800903320312500e+02 1.662842187500000000e+05
2.167256927490234375e+02 1.606842031250000000e+05
2.179077606201171875e+02 1.553901562500000000e+05
2.188533630371093750e+02 1.519753437500000000e+05
2.200354156494140625e+02 1.486600625000000000e+05
2.212174377441406250e+02 1.438657031250000000e+05
2.221630401611328125e+02 1.392680000000000000e+05
2.233450927734375000e+02 1.363224687500000000e+05
2.242906951904296875e+02 1.321050468750000000e+05
2.254727630615234375e+02 1.293912578125000000e+05
2.266547698974609375e+02 1.254714062500000000e+05
2.276004180908203125e+02 1.229582031250000000e+05
2.287824401855468750e+02 1.193148281250000000e+05
2.299644470214843750e+02 1.169975781250000000e+05
2.311465148925781250e+02 1.136661015625000000e+05
2.320921173095703125e+02 1.115502343750000000e+05
2.332741699218750000e+02 1.084805312500000000e+05
2.344561920166015625e+02 1.065098750000000000e+05
2.354018402099609375e+02 1.036818359375000000e+05
2.365838470458984375e+02 1.018586484375000000e+05
2.377659149169921875e+02 9.922767968750000000e+04
2.387115173339843750e+02 9.754428906250000000e+04
2.398935241699218750e+02 9.514482812500000000e+04
2.410755920410156250e+02 9.359064843750000000e+04
2.422575988769531250e+02 9.136499218750000000e+04
2.432032470703125000e+02 8.993442968750000000e+04
2.443852691650390625e+02 8.785728906250000000e+04
2.455673217773437500e+02 8.654500000000000000e+04
2.465129241943359375e+02 8.465559375000000000e+04
2.476949462890625000e+02 8.343203906250000000e+04
2.488770141601562500e+02 8.167000781250000000e+04
2.498226165771484375e+02 8.054575781250000000e+04
2.512410888671875000e+02 7.890668750000000000e+04
2.521866912841796875e+02 7.786402343750000000e+04
2.533687438964843750e+02 7.634785937500000000e+04
2.545507659912109375e+02 7.538350781250000000e+04
2.554964141845703125e+02 7.396645312500000000e+04
2.566784362792968750e+02 7.306064843750000000e+04
2.578604431152343750e+02 7.174682812500000000e+04
2.590425109863281250e+02 7.090610937500000000e+04
2.602245178222656250e+02 6.968528906250000000e+04
2.611701660156250000e+02 6.889567968750000000e+04
2.623521728515625000e+02 6.776045312500000000e+04
2.635341796875000000e+02 6.702157812500000000e+04
2.644798278808593750e+02 6.593609375000000000e+04
2.658982543945312500e+02 6.523666796875000000e+04
2.668439025878906250e+02 6.420804687500000000e+04
2.680259399414062500e+02 6.354761718750000000e+04
2.689715881347656250e+02 6.258666796875000000e+04
2.703900146484375000e+02 6.165473828125000000e+04
2.713356018066406250e+02 6.104033984375000000e+04
2.725176696777343750e+02 6.045471093750000000e+04
2.736996765136718750e+02 5.957100390625000000e+04
2.748817443847656250e+02 5.872070312500000000e+04
2.758273315429687500e+02 5.817051953125000000e+04
2.770093994140625000e+02 5.735191796875000000e+04
2.781914062500000000e+02 5.681955468750000000e+04
2.793734436035156250e+02 5.627775390625000000e+04
2.805554809570312500e+02 5.551470703125000000e+04
2.817375183105468750e+02 5.475817578125000000e+04
2.829195556640625000e+02 5.426295703125000000e+04
2.838651733398437500e+02 5.355238281250000000e+04
2.850471801757812500e+02 5.308301953125000000e+04
2.862292480468750000e+02 5.237091406250000000e+04
2.874112548828125000e+02 5.190978125000000000e+04
2.885933227539062500e+02 5.123262890625000000e+04
2.895389099121093750e+02 5.078080468750000000e+04
2.907209777832031250e+02 5.013099218750000000e+04
2.919029846191406250e+02 4.970655078125000000e+04
2.930850219726562500e+02 4.906585937500000000e+04
2.942670898437500000e+02 4.865405078125000000e+04
2.952126770019531250e+02 4.803531250000000000e+04
2.963947448730468750e+02 4.762414453125000000e+04
2.975767517089843750e+02 4.702782812500000000e+04
2.987588195800781250e+02 4.664066406250000000e+04
2.997044067382812500e+02 4.606841015625000000e+04
3.011228332519531250e+02 4.568792187500000000e+04
3.020684814453125000e+02 4.511960546875000000e+04
3.032505187988281250e+02 4.475367187500000000e+04
3.044325561523437500e+02 4.422147656250000000e+04
3.056145935058593750e+02 4.386002734375000000e+04
3.065602416992187500e+02 4.333347656250000000e+04
3.077422485351562500e+02 4.299762890625000000e+04
3.089242553710937500e+02 4.248189453125000000e+04
3.101063232421875000e+02 4.215862109375000000e+04
3.112883300781250000e+02 4.168074218750000000e+04
3.122339782714843750e+02 4.136292968750000000e+04
3.134159851074218750e+02 4.089961718750000000e+04
3.145980224609375000e+02 4.059995312500000000e+04
3.157800598144531250e+02 4.013595312500000000e+04
3.169620971679687500e+02 3.984990625000000000e+04
3.179077453613281250e+02 3.942152734375000000e+04
3.190897521972656250e+02 3.915725000000000000e+04
3.202718200683593750e+02 3.874521875000000000e+04
3.214538269042968750e+02 3.847179687500000000e+04
3.226358337402343750e+02 3.809549218750000000e+04
3.238179016113281250e+02 3.771078515625000000e+04
3.247634887695312500e+02 3.746199609375000000e+04
3.259455566406250000e+02 3.721380468750000000e+04
3.271275634765625000e+02 3.687732031250000000e+04
3.283096313476562500e+02 3.653882812500000000e+04
3.292552490234375000e+02 3.633201171875000000e+04
3.304372558593750000e+02 3.612131640625000000e+04
3.316193237304687500e+02 3.581898046875000000e+04
3.328013305664062500e+02 3.552767578125000000e+04
3.339833984375000000e+02 3.534699609375000000e+04
3.349289855957031250e+02 3.507692968750000000e+04
3.363474121093750000e+02 3.490590625000000000e+04
3.372930603027343750e+02 3.466098046875000000e+04
3.384750976562500000e+02 3.449704687500000000e+04
3.396571350097656250e+02 3.428147656250000000e+04
3.408391723632812500e+02 3.413583593750000000e+04
3.420212097167968750e+02 3.393636718750000000e+04
3.429668273925781250e+02 3.381308984375000000e+04
3.441488342285156250e+02 3.363371484375000000e+04
3.453309020996093750e+02 3.351792968750000000e+04
3.462764892578125000e+02 3.335451171875000000e+04
3.476949768066406250e+02 3.325471875000000000e+04
3.486405639648437500e+02 3.311457031250000000e+04
3.498226318359375000e+02 3.303114453125000000e+04
3.510046386718750000e+02 3.290690234375000000e+04
3.521866760253906250e+02 3.284431640625000000e+04
3.533687133789062500e+02 3.274982226562500000e+04
3.543143310546875000e+02 3.269017187500000000e+04
3.554963989257812500e+02 3.261618945312500000e+04
3.566784057617187500e+02 3.257286132812500000e+04
3.578604125976562500e+02 3.251535742187500000e+04
3.590424804687500000e+02 3.249039062500000000e+04
3.602244873046875000e+02 3.244132226562500000e+04
3.611701354980468750e+02 3.243053320312500000e+04
3.625885620117187500e+02 3.240879687500000000e+04
3.635342102050781250e+02 3.240013476562500000e+04
3.644798278808593750e+02 3.239351953125000000e+04
3.658982543945312500e+02 3.238824414062500000e+04
3.668439025878906250e+02 3.237249414062500000e+04
3.680259094238281250e+02 3.235509179687500000e+04
3.692079772949218750e+02 3.235075976562500000e+04
3.703899841308593750e+02 3.234398828125000000e+04
3.715720520019531250e+02 3.233162695312500000e+04
3.727540588378906250e+02 3.232572070312500000e+04
3.739360656738281250e+02 3.229564453125000000e+04
3.748817138671875000e+02 3.227840039062500000e+04
3.760637207031250000e+02 3.226533203125000000e+04
3.772457885742187500e+02 3.224856250000000000e+04
3.781914062500000000e+02 3.223714648437500000e+04
3.793734436035156250e+02 3.222392187500000000e+04
3.805554809570312500e+02 3.220959375000000000e+04
3.817374877929687500e+02 3.220872851562500000e+04
3.829195556640625000e+02 3.218660742187500000e+04
3.841015625000000000e+02 3.218645117187500000e+04
3.850472106933593750e+02 3.217865820312500000e+04
3.862292175292968750e+02 3.217944531250000000e+04
3.874112548828125000e+02 3.217873632812500000e+04
3.885932922363281250e+02 3.218440429687500000e+04
3.895389099121093750e+02 3.218912695312500000e+04
3.909573669433593750e+02 3.219038671875000000e+04
3.919029846191406250e+02 3.219558203125000000e+04
3.930850524902343750e+02 3.220518554687500000e+04
3.942670593261718750e+02 3.222589062500000000e+04
3.954490661621093750e+02 3.223628125000000000e+04
3.966311340332031250e+02 3.224698828125000000e+04
3.978131408691406250e+02 3.226627734375000000e+04
3.987587890625000000e+02 3.228328320312500000e+04
3.999407958984375000e+02 3.230249414062500000e+04
4.011228637695312500e+02 3.233249218750000000e+04
4.023048706054687500e+02 3.236280859375000000e+04
4.034869079589843750e+02 3.238540820312500000e+04
4.044325561523437500e+02 3.241730273437500000e+04
4.056145629882812500e+02 3.244242578125000000e+04
4.065602111816406250e+02 3.247802343750000000e+04
4.079786376953125000e+02 3.250362304687500000e+04
4.091606445312500000e+02 3.254434570312500000e+04
4.101062927246093750e+02 3.256947460937500000e+04
4.112882995605468750e+02 3.261075390625000000e+04
4.124703674316406250e+02 3.263667382812500000e+04
4.136523742675781250e+02 3.268773046875000000e+04
4.148344421386718750e+02 3.270640429687500000e+04
4.157800598144531250e+02 3.275770312500000000e+04
4.169620666503906250e+02 3.278339453125000000e+04
4.181441345214843750e+02 3.283422656250000000e+04
4.193261413574218750e+02 3.285621875000000000e+04
4.205082092285156250e+02 3.291036718750000000e+04
4.216902160644531250e+02 3.293055078125000000e+04
4.226358642578125000e+02 3.296641796875000000e+04
4.238178710937500000e+02 3.298486718750000000e+04
4.249999389648437500e+02 3.304044921875000000e+04
4.261819458007812500e+02 3.305448437500000000e+04
4.271275939941406250e+02 3.309193750000000000e+04
4.283096008300781250e+02 3.311425390625000000e+04
4.294916381835937500e+02 3.315179296875000000e+04
4.306736450195312500e+02 3.317655859375000000e+04
4.318556518554687500e+02 3.321094531250000000e+04
4.330377807617187500e+02 3.323926171875000000e+04
4.342197875976562500e+02 3.326513281250000000e+04
4.351654357910156250e+02 3.328690625000000000e+04
4.363474426269531250e+02 3.331538281250000000e+04
4.375294494628906250e+02 3.333778515625000000e+04
4.387114868164062500e+02 3.336184765625000000e+04
4.398934936523437500e+02 3.338757031250000000e+04
4.410755920410156250e+02 3.339987890625000000e+04
4.420211486816406250e+02 3.341778906250000000e+04
4.432032470703125000e+02 3.343601562500000000e+04
4.443852844238281250e+02 3.344367187500000000e+04
4.455672912597656250e+02 3.347444531250000000e+04
4.465129394531250000e+02 3.347744531250000000e+04
4.476949462890625000e+02 3.348778125000000000e+04
4.488769531250000000e+02 3.349638281250000000e+04
4.500589904785156250e+02 3.350798437500000000e+04
4.512410888671875000e+02 3.351998046875000000e+04
4.521866455078125000e+02 3.351863671875000000e+04
4.533686523437500000e+02 3.352495312500000000e+04
4.545507507324218750e+02 3.353016015625000000e+04
4.557327880859375000e+02 3.351327343750000000e+04
4.569147949218750000e+02 3.351674609375000000e+04
4.580968017578125000e+02 3.352384765625000000e+04
4.592788085937500000e+02 3.350608984375000000e+04
4.602244567871093750e+02 3.350143359375000000e+04
4.614064941406250000e+02 3.348517578125000000e+04
4.625885925292968750e+02 3.347468359375000000e+04
4.637705993652343750e+02 3.345937500000000000e+04
4.649526062011718750e+02 3.345132421875000000e+04
4.661346435546875000e+02 3.344367187500000000e+04
4.673166503906250000e+02 3.341723828125000000e+04
4.682622985839843750e+02 3.341100390625000000e+04
4.694443054199218750e+02 3.338780859375000000e+04
4.706264038085937500e+02 3.335940234375000000e+04
4.718084411621093750e+02 3.332982031250000000e+04
4.729904479980468750e+02 3.333218750000000000e+04
4.741724548339843750e+02 3.328974609375000000e+04
4.753544921875000000e+02 3.325969140625000000e+04
4.765365905761718750e+02 3.322750781250000000e+04
4.774821472167968750e+02 3.318696875000000000e+04
4.786642456054687500e+02 3.316212500000000000e+04
4.798462524414062500e+02 3.311788281250000000e+04
4.810282897949218750e+02 3.307490625000000000e+04
4.819739379882812500e+02 3.305054296875000000e+04
4.833923034667968750e+02 3.300457421875000000e+04
4.843379516601562500e+02 3.298068750000000000e+04
4.855199584960937500e+02 3.292140625000000000e+04
4.867020874023437500e+02 3.287939062500000000e+04
4.878840942382812500e+02 3.283824609375000000e+04
4.890661010742187500e+02 3.279474218750000000e+04
4.900117492675781250e+02 3.276676562500000000e+04
4.911937561035156250e+02 3.273169921875000000e+04
4.919029541015625000e+02 3.273374804687500000e+04
4.928486022949218750e+02 3.272208593750000000e+04
4.937942504882812500e+02 3.272318750000000000e+04
4.945034484863281250e+02 3.271562304687500000e+04
4.952126464843750000e+02 3.271585937500000000e+04
4.959219055175781250e+02 3.272957031250000000e+04
4.963947448730468750e+02 3.272870507812500000e+04
4.971039428710937500e+02 3.274596093750000000e+04
4.975767517089843750e+02 3.274919335937500000e+04
4.982859497070312500e+02 3.276195898437500000e+04
4.987587585449218750e+02 3.275620507812500000e+04
4.989951477050781250e+02 3.276865625000000000e+04
4.994679565429687500e+02 3.278150390625000000e+04
4.999407958984375000e+02 3.278300000000000000e+04
5.004136047363281250e+02 3.278938281250000000e+04
5.006499633789062500e+02 3.279529296875000000e+04
5.011228027343750000e+02 3.280388281250000000e+04
5.013592529296875000e+02 3.282177343750000000e+04
5.015956115722656250e+02 3.281436718750000000e+04
5.018320922851562500e+02 3.283028515625000000e+04
5.023049011230468750e+02 3.282682031250000000e+04
5.025412597656250000e+02 3.283067968750000000e+04
5.027776489257812500e+02 3.284203125000000000e+04
5.027776489257812500e+02 3.284526171875000000e+04
5.032504577636718750e+02 3.284037500000000000e+04
5.032504577636718750e+02 3.283816796875000000e+04
5.034869079589843750e+02 3.282933984375000000e+04
5.037232971191406250e+02 3.281515625000000000e+04
5.037232971191406250e+02 3.281673046875000000e+04
5.039597473144531250e+02 3.282280078125000000e+04
5.041961059570312500e+02 3.280364843750000000e+04
5.041961059570312500e+02 3.279576562500000000e+04
5.044325561523437500e+02 3.279072265625000000e+04
5.046689453125000000e+02 3.278599609375000000e+04
5.046689453125000000e+02 3.276353515625000000e+04
5.046689453125000000e+02 3.276495312500000000e+04
5.049053039550781250e+02 3.276786914062500000e+04
5.049053039550781250e+02 3.275171484375000000e+04
5.051417541503906250e+02 3.274548828125000000e+04
5.051417541503906250e+02 3.274154882812500000e+04
5.051417541503906250e+02 3.273618945312500000e+04
5.053781127929687500e+02 3.273406250000000000e+04
5.053781127929687500e+02 3.272815234375000000e+04
5.053781127929687500e+02 3.271972070312500000e+04
5.056145935058593750e+02 3.271073828125000000e+04
5.056145935058593750e+02 3.269269335937500000e+04
5.056145935058593750e+02 3.268426367187500000e+04
5.056145935058593750e+02 3.267370507812500000e+04
5.056145935058593750e+02 3.270246484375000000e+04
5.051417541503906250e+02 3.273792382812500000e+04
5.049053039550781250e+02 3.282926171875000000e+04
5.041961059570312500e+02 3.288632812500000000e+04
5.034869079589843750e+02 3.299795312500000000e+04
5.027776489257812500e+02 3.309588281250000000e+04
5.018320922851562500e+02 3.325432812500000000e+04
5.008864440917968750e+02 3.335758984375000000e+04
4.997044067382812500e+02 3.352882031250000000e+04
4.985223999023437500e+02 3.363324218750000000e+04
4.973403015136718750e+02 3.382943359375000000e+04
4.959219055175781250e+02 3.395800781250000000e+04
4.947398071289062500e+02 3.415298046875000000e+04
4.930849609375000000e+02 3.429064453125000000e+04
4.916665954589843750e+02 3.449688671875000000e+04
4.902481079101562500e+02 3.464199609375000000e+04
4.885932922363281250e+02 3.486871484375000000e+04
4.869384460449218750e+02 3.501566796875000000e+04
4.852835998535156250e+02 3.525514062500000000e+04
4.836287536621093750e+02 3.542073437500000000e+04
4.817374572753906250e+02 3.566578125000000000e+04
4.798462524414062500e+02 3.582603515625000000e+04
4.779549560546875000e+02 3.608031250000000000e+04
4.760637512207031250e+02 3.624291796875000000e+04
4.744089050292968750e+02 3.648421875000000000e+04
4.725176086425781250e+02 3.666155859375000000e+04
4.703899536132812500e+02 3.691775000000000000e+04
4.684987487792968750e+02 3.707083984375000000e+04
4.666074523925781250e+02 3.732651953125000000e+04
4.644797973632812500e+02 3.748712500000000000e+04
4.625885925292968750e+02 3.773178906250000000e+04
4.602244567871093750e+02 3.789792968750000000e+04
4.583332519531250000e+02 3.813824609375000000e+04
4.562055969238281250e+02 3.829161328125000000e+04
4.540779418945312500e+02 3.852430468750000000e+04
4.519502868652343750e+02 3.867427734375000000e+04
4.498226013183593750e+02 3.889884375000000000e+04
4.479313049316406250e+02 3.902930468750000000e+04
4.455672912597656250e+02 3.923694921875000000e+04
4.436759948730468750e+02 3.937523828125000000e+04
4.415483398437500000e+02 3.956976562500000000e+04
4.394207458496093750e+02 3.970710156250000000e+04
4.370566406250000000e+02 3.989567968750000000e+04
4.349289855957031250e+02 4.006722656250000000e+04
4.328013000488281250e+02 4.019334375000000000e+04
4.306736450195312500e+02 4.029446484375000000e+04
4.283096008300781250e+02 4.045382421875000000e+04
4.261819458007812500e+02 4.059747265625000000e+04
4.240542907714843750e+02 4.069315234375000000e+04
4.216902160644531250e+02 4.081790234375000000e+04
4.195625610351562500e+02 4.090937890625000000e+04
4.174348754882812500e+02 4.097653906250000000e+04
4.150708007812500000e+02 4.110423437500000000e+04
4.129432067871093750e+02 4.120249218750000000e+04
4.105791320800781250e+02 4.126872656250000000e+04
4.086878662109375000e+02 4.136709375000000000e+04
4.063237915039062500e+02 4.142341406250000000e+04
4.039597167968750000e+02 4.151651953125000000e+04
4.018320617675781250e+02 4.157069531250000000e+04
3.997044067382812500e+02 4.166951953125000000e+04
3.973403320312500000e+02 4.172787500000000000e+04
3.949762878417968750e+02 4.181366015625000000e+04
3.928486328125000000e+02 4.188029296875000000e+04
3.904845581054687500e+02 4.198751562500000000e+04
3.883569030761718750e+02 4.205336718750000000e+04
3.859928283691406250e+02 4.217065625000000000e+04
3.836287536621093750e+02 4.225250000000000000e+04
3.815010681152343750e+02 4.238684765625000000e+04
3.791370544433593750e+02 4.247819921875000000e+04
3.770093688964843750e+02 4.263902734375000000e+04
3.746452941894531250e+02 4.274431640625000000e+04
3.722812194824218750e+02 4.294065625000000000e+04
3.701535644531250000e+02 4.305902734375000000e+04
3.680259094238281250e+02 4.327871875000000000e+04
3.656618652343750000e+02 4.343826171875000000e+04
3.632977905273437500e+02 4.368297656250000000e+04
3.609337158203125000e+02 4.385608203125000000e+04
3.588060607910156250e+02 4.414930859375000000e+04
3.564419860839843750e+02 4.435471484375000000e+04
3.543143310546875000e+02 4.468909375000000000e+04
3.519502868652343750e+02 4.493019531250000000e+04
3.495862121582031250e+02 4.532910156250000000e+04
3.474585571289062500e+02 4.559205859375000000e+04
3.450944824218750000e+02 4.603721093750000000e+04
3.429668273925781250e+02 4.634992968750000000e+04
3.406027526855468750e+02 4.685262500000000000e+04
3.384750976562500000e+02 4.720478906250000000e+04
3.361110534667968750e+02 4.777519531250000000e+04
3.337469787597656250e+02 4.817089843750000000e+04
3.313829040527343750e+02 4.880750390625000000e+04
3.290188293457031250e+02 4.925326171875000000e+04
3.268911743164062500e+02 4.996339062500000000e+04
3.245270996093750000e+02 5.047197656250000000e+04
3.221630554199218750e+02 5.127001562500000000e+04
3.200354003906250000e+02 5.183264062500000000e+04
3.179077453613281250e+02 5.272979296875000000e+04
3.155436706542968750e+02 5.335403515625000000e+04
3.131795959472656250e+02 5.436122265625000000e+04
3.110519104003906250e+02 5.505799609375000000e+04
3.086878356933593750e+02 5.616141796875000000e+04
3.063238220214843750e+02 5.735712109375000000e+04
3.041961669921875000e+02 5.818904296875000000e+04
3.018320922851562500e+02 5.950733203125000000e+04
2.997044067382812500e+02 6.043121093750000000e+04
2.973403320312500000e+02 6.189758203125000000e+04
2.952126770019531250e+02 6.293096093750000000e+04
2.928486328125000000e+02 6.456183203125000000e+04
2.904845581054687500e+02 6.569553125000000000e+04
2.881204833984375000e+02 6.750788281250000000e+04
2.859928283691406250e+02 6.876949218750000000e+04
2.836287536621093750e+02 7.077191406250000000e+04
2.815010986328125000e+02 7.217518750000000000e+04
2.791370239257812500e+02 7.440552343750000000e+04
2.770093994140625000e+02 7.598028906250000000e+04
2.746453247070312500e+02 7.846671875000000000e+04
2.725176696777343750e+02 8.021092187500000000e+04
2.701535949707031250e+02 8.296839843750000000e+04
2.677895202636718750e+02 8.493538281250000000e+04
2.656618652343750000e+02 8.802389843750000000e+04
2.632978210449218750e+02 9.021324218750000000e+04
2.611701660156250000e+02 9.367088281250000000e+04
2.590425109863281250e+02 9.611128906250000000e+04
2.566784362792968750e+02 1.000143671875000000e+05
2.545507659912109375e+02 1.027588203125000000e+05
2.521866912841796875e+02 1.071454609375000000e+05
2.500590209960937500e+02 1.102357421875000000e+05
2.476949462890625000e+02 1.151631406250000000e+05
2.455673217773437500e+02 1.186465000000000000e+05
2.432032470703125000e+02 1.242113593750000000e+05
2.410755920410156250e+02 1.281367734375000000e+05
2.387115173339843750e+02 1.344131406250000000e+05
2.363474426269531250e+02 1.388519375000000000e+05
2.344561920166015625e+02 1.459568906250000000e+05
2.320921173095703125e+02 1.509967500000000000e+05
2.297280883789062500e+02 1.590854531250000000e+05
2.276004180908203125e+02 1.648104687500000000e+05
2.254727630615234375e+02 1.740077812500000000e+05
2.228722686767578125e+02 1.805504531250000000e+05
2.207446136474609375e+02 1.910737968750000000e+05
2.183805389404296875e+02 1.985097187500000000e+05
2.162528686523437500e+02 2.105404218750000000e+05
2.138888397216796875e+02 2.191603906250000000e+05
2.115247650146484375e+02 2.330262812500000000e+05
2.096335144042968750e+02 2.429604375000000000e+05
2.072694396972656250e+02 2.590591562500000000e+05
2.051417846679687500e+02 2.705833437500000000e+05
2.027777099609375000e+02 2.892955312500000000e+05
2.004136199951171875e+02 3.027854062500000000e+05
1.982860107421875000e+02 3.247130937500000000e+05
1.959219360351562500e+02 3.489375625000000000e+05
1.937942657470703125e+02 3.660903437500000000e+05
1.919030151367187500e+02 3.839325937500000000e+05
1.900117645263671875e+02 4.119688437500000000e+05
1.883569335937500000e+02 4.315217500000000000e+05
1.864656829833984375e+02 4.622671875000000000e+05
1.845744323730468750e+02 4.944378125000000000e+05
1.829195404052734375e+02 5.168065937500000000e+05
1.815011138916015625e+02 5.397992500000000000e+05
1.798462829589843750e+02 5.755983750000000000e+05
1.781914367675781250e+02 6.126081250000000000e+05
1.767730102539062500e+02 6.381515000000000000e+05
1.753545379638671875e+02 6.773178125000000000e+05
1.739361114501953125e+02 7.040758125000000000e+05
1.725176849365234375e+02 7.451655000000000000e+05
1.710992126464843750e+02 7.729383125000000000e+05
1.696807861328125000e+02 8.154849375000000000e+05
1.684987792968750000e+02 8.442653125000000000e+05
1.673167114257812500e+02 8.875861875000000000e+05
1.661347045898437500e+02 9.172388750000000000e+05
1.649526824951171875e+02 9.614649375000000000e+05
1.640070343017578125e+02 9.912160625000000000e+05
1.628250274658203125e+02 1.036538000000000000e+06
1.616429595947265625e+02 1.066642125000000000e+06
1.606973571777343750e+02 1.111902250000000000e+06
1.595153045654296875e+02 1.142115000000000000e+06
1.588061065673828125e+02 1.187643625000000000e+06
1.578604583740234375e+02 1.217833375000000000e+06
1.569148559570312500e+02 1.262934250000000000e+06
1.559692077636718750e+02 1.292953250000000000e+06
1.550236053466796875e+02 1.338165625000000000e+06
1.540779571533203125e+02 1.367949875000000000e+06
1.533687133789062500e+02 1.412577000000000000e+06
1.526595306396484375e+02 1.442189875000000000e+06
1.517138824462890625e+02 1.486170750000000000e+06
1.510046844482421875e+02 1.515121750000000000e+06
1.502954559326171875e+02 1.558512125000000000e+06
1.495862121582031250e+02 1.587108875000000000e+06
1.488770294189453125e+02 1.629302500000000000e+06
1.481677856445312500e+02 1.657209125000000000e+06
1.474585571289062500e+02 1.697412500000000000e+06
1.472221832275390625e+02 1.724715625000000000e+06
1.462765350341796875e+02 1.764862000000000000e+06
1.455673065185546875e+02 1.791230875000000000e+06
1.453308868408203125e+02 1.829501750000000000e+06
1.446217041015625000e+02 1.854801000000000000e+06
1.441488800048828125e+02 1.892565500000000000e+06
1.434396362304687500e+02 1.916801750000000000e+06
1.429668579101562500e+02 1.953038500000000000e+06
1.427304534912109375e+02 1.977059625000000000e+06
1.420212097167968750e+02 2.012739375000000000e+06
1.417848052978515625e+02 2.034881125000000000e+06
1.413120269775390625e+02 2.064513750000000000e+06
1.410756072998046875e+02 2.081095750000000000e+06
1.408392028808593750e+02 2.100867750000000000e+06
1.406027832031250000e+02 2.111003250000000000e+06
1.403663787841796875e+02 2.122673500000000000e+06
1.403663787841796875e+02 2.127378250000000000e+06
1.403663787841796875e+02 2.132808000000000000e+06
1.401299591064453125e+02 2.132483000000000000e+06
1.401299591064453125e+02 2.129834250000000000e+06
1.401299591064453125e+02 2.125836000000000000e+06
1.401299591064453125e+02 2.115889500000000000e+06
1.401299591064453125e+02 2.107740250000000000e+06
1.401299591064453125e+02 2.091682500000000000e+06
1.403663787841796875e+02 2.079742625000000000e+06
1.403663787841796875e+02 2.057938875000000000e+06
1.406027832031250000e+02 2.042587375000000000e+06
1.408392028808593750e+02 2.016227750000000000e+06
1.410756072998046875e+02 1.987269375000000000e+06
1.413120269775390625e+02 1.966814375000000000e+06
1.415483856201171875e+02 1.934621125000000000e+06
1.417848052978515625e+02 1.911867750000000000e+06
1.422576293945312500e+02 1.876087625000000000e+06
1.424940338134765625e+02 1.851076500000000000e+06
1.429668579101562500e+02 1.812601000000000000e+06
1.432032775878906250e+02 1.786125875000000000e+06
1.436760559082031250e+02 1.745710875000000000e+06
1.441488800048828125e+02 1.718560875000000000e+06
1.446217041015625000e+02 1.676525000000000000e+06
1.450945281982421875e+02 1.648116000000000000e+06
1.455673065185546875e+02 1.605495625000000000e+06
1.460401306152343750e+02 1.576803750000000000e+06
1.465129547119140625e+02 1.533621000000000000e+06
1.472221832275390625e+02 1.504692625000000000e+06
1.476949615478515625e+02 1.462162000000000000e+06
1.481677856445312500e+02 1.433192750000000000e+06
1.488770294189453125e+02 1.389966250000000000e+06
1.495862121582031250e+02 1.361319500000000000e+06
1.500590362548828125e+02 1.319263500000000000e+06
1.507682800292968750e+02 1.290710625000000000e+06
1.514774627685546875e+02 1.248548000000000000e+06
1.521867065429687500e+02 1.220815000000000000e+06
1.528959350585937500e+02 1.179547125000000000e+06
1.533687133789062500e+02 1.152401250000000000e+06
1.540779571533203125e+02 1.112331375000000000e+06
1.550236053466796875e+02 1.086353375000000000e+06
1.557327880859375000e+02 1.048178875000000000e+06
1.564420318603515625e+02 1.022749562500000000e+06
1.571512298583984375e+02 9.858807500000000000e+05
1.580968780517578125e+02 9.612261250000000000e+05
1.588061065673828125e+02 9.255156250000000000e+05
1.595153045654296875e+02 9.023818750000000000e+05
1.602245330810546875e+02 8.685383125000000000e+05
1.609337768554687500e+02 8.463216250000000000e+05
1.618793792724609375e+02 8.139304375000000000e+05
1.625886077880859375e+02 7.926508750000000000e+05
1.635342102050781250e+02 7.616558750000000000e+05
1.644798583984375000e+02 7.415122500000000000e+05
1.654254608154296875e+02 7.123137500000000000e+05
1.661347045898437500e+02 6.935260625000000000e+05
1.670803070068359375e+02 6.659555625000000000e+05
1.680259552001953125e+02 6.479880625000000000e+05
1.687351837158203125e+02 6.218936250000000000e+05
1.696807861328125000e+02 6.050576250000000000e+05
1.706264343261718750e+02 5.806449375000000000e+05
1.715720367431640625e+02 5.650330000000000000e+05
1.725176849365234375e+02 5.421400625000000000e+05
1.734632873535156250e+02 5.273910000000000000e+05
1.744089355468750000e+02 5.060770312500000000e+05
1.753545379638671875e+02 4.923596250000000000e+05
1.763001861572265625e+02 4.724990000000000000e+05
1.772457885742187500e+02 4.597313750000000000e+05
1.781914367675781250e+02 4.412125000000000000e+05
1.793734588623046875e+02 4.293030625000000000e+05
1.803191070556640625e+02 4.122423437500000000e+05
1.810282897949218750e+02 4.012037812500000000e+05
1.819739379882812500e+02 3.852602187500000000e+05
1.829195404052734375e+02 3.700940937500000000e+05
1.838651885986328125e+02 3.603054687500000000e+05
1.850472106933593750e+02 3.508486250000000000e+05
1.859928588867187500e+02 3.370972187500000000e+05
1.871748657226562500e+02 3.239962500000000000e+05
1.881205139160156250e+02 3.156042500000000000e+05
1.890661163330078125e+02 3.033701875000000000e+05
1.900117645263671875e+02 2.955718125000000000e+05
1.911937866210937500e+02 2.843201562500000000e+05
1.921394348144531250e+02 2.770839687500000000e+05
1.933214416503906250e+02 2.666032187500000000e+05
1.942670898437500000e+02 2.598303281250000000e+05
1.952126922607421875e+02 2.501070625000000000e+05
1.963947601318359375e+02 2.439156562500000000e+05
1.973403625488281250e+02 2.349801562500000000e+05
1.985223693847656250e+02 2.292036406250000000e+05
1.994680175781250000e+02 2.208520156250000000e+05
2.006500396728515625e+02 2.154908906250000000e+05
2.015956878662109375e+02 2.077003125000000000e+05
2.025412902832031250e+02 2.027157656250000000e+05
2.037233581542968750e+02 1.955784062500000000e+05
2.046689605712890625e+02 1.909453125000000000e+05
2.060874328613281250e+02 1.842872812500000000e+05
2.067966156005859375e+02 1.800006250000000000e+05
2.079786834716796875e+02 1.737641875000000000e+05
2.091606903076171875e+02 1.697727812500000000e+05
2.101063385009765625e+02 1.640040000000000000e+05
2.110519409179687500e+02 1.603060781250000000e+05
2.122339630126953125e+02 1.549735468750000000e+05
2.131796112060546875e+02 1.515266562500000000e+05
2.143616180419921875e+02 1.465367812500000000e+05
2.155436859130859375e+02 1.433160468750000000e+05
2.164892883300781250e+02 1.386860937500000000e+05
2.176713409423828125e+02 1.357264062500000000e+05
2.186169433593750000e+02 1.314202656250000000e+05
2.197990112304687500e+02 1.286569140625000000e+05
2.209810180664062500e+02 1.246617656250000000e+05
2.221630401611328125e+02 1.220702109375000000e+05
2.231086883544921875e+02 1.183481953125000000e+05
2.240542907714843750e+02 1.159612109375000000e+05
2.252363433837890625e+02 1.125175781250000000e+05
2.264183654785156250e+02 1.103121484375000000e+05
2.276004180908203125e+02 1.071075625000000000e+05
2.285460205078125000e+02 1.050580156250000000e+05
2.297280883789062500e+02 1.020801718750000000e+05
2.309100952148437500e+02 1.001904062500000000e+05
2.318557434082031250e+02 9.747014843750000000e+04
2.330377655029296875e+02 9.571250781250000000e+04
2.342197723388671875e+02 9.318424218750000000e+04
2.351654205322265625e+02 9.155447656250000000e+04
2.363474426269531250e+02 8.919619531250000000e+04
2.375294952392578125e+02 8.768889843750000000e+04
2.387115173339843750e+02 8.551610156250000000e+04
2.396571655273437500e+02 8.412193750000000000e+04
2.408391723632812500e+02 8.212450000000000000e+04
2.420211944580078125e+02 8.083561718750000000e+04
2.429668426513671875e+02 7.896350000000000000e+04
2.441488494873046875e+02 7.777225781250000000e+04
2.453309173583984375e+02 7.604627343750000000e+04
2.462765197753906250e+02 7.494901562500000000e+04
2.474585723876953125e+02 7.335121093750000000e+04
2.486405944824218750e+02 7.231754687500000000e+04
2.495862426757812500e+02 7.083490625000000000e+04
2.510046691894531250e+02 6.987464843750000000e+04
2.519502716064453125e+02 6.849680468750000000e+04
2.528959197998046875e+02 6.762619531250000000e+04
2.543143463134765625e+02 6.634232031250000000e+04
2.552599945068359375e+02 6.552841796875000000e+04
2.564420166015625000e+02 6.432246484375000000e+04
2.576240234375000000e+02 6.354519140625000000e+04
2.588060913085937500e+02 6.241694140625000000e+04
2.597516784667968750e+02 6.171125781250000000e+04
2.609337463378906250e+02 6.066344531250000000e+04
2.621157531738281250e+02 5.999408984375000000e+04
2.632978210449218750e+02 5.901348437500000000e+04
2.644798278808593750e+02 5.837935546875000000e+04
2.654254455566406250e+02 5.744555468750000000e+04
2.666075134277343750e+02 5.685353906250000000e+04
2.677895202636718750e+02 5.599314062500000000e+04
2.689715881347656250e+02 5.542848437500000000e+04
2.701535949707031250e+02 5.460126562500000000e+04
2.710992431640625000e+02 5.407090625000000000e+04
2.722812500000000000e+02 5.327610546875000000e+04
2.734632568359375000e+02 5.276892187500000000e+04
2.746453247070312500e+02 5.202510937500000000e+04
2.755909423828125000e+02 5.155219140625000000e+04
2.770093994140625000e+02 5.082655859375000000e+04
2.779550170898437500e+02 5.035543750000000000e+04
2.791370239257812500e+02 4.967750000000000000e+04
2.803190917968750000e+02 4.923195703125000000e+04
2.815010986328125000e+02 4.856933984375000000e+04
2.824467468261718750e+02 4.814833984375000000e+04
2.836287536621093750e+02 4.753181640625000000e+04
2.848108215332031250e+02 4.690977734375000000e+04
2.859928283691406250e+02 4.649697656250000000e+04
2.871748352050781250e+02 4.591550390625000000e+04
2.881204833984375000e+02 4.551316406250000000e+04
2.893025207519531250e+02 4.495277734375000000e+04
2.904845581054687500e+02 4.457245312500000000e+04
2.916665954589843750e+02 4.402900390625000000e+04
2.926122436523437500e+02 4.366020703125000000e+04
2.937942504882812500e+02 4.312300390625000000e+04
2.949762573242187500e+02 4.277218750000000000e+04
2.961583251953125000e+02 4.224857031250000000e+04
2.973403320312500000e+02 4.190924218750000000e+04
2.985223999023437500e+02 4.139793750000000000e+04
2.997044067382812500e+02 4.107020703125000000e+04
3.008864440917968750e+02 4.057547656250000000e+04
3.018320922851562500e+02 4.026112890625000000e+04
3.030140991210937500e+02 3.978896093750000000e+04
3.041961669921875000e+02 3.947644140625000000e+04
3.051417541503906250e+02 3.902164843750000000e+04
3.065602416992187500e+02 3.872760156250000000e+04
3.075058288574218750e+02 3.827950781250000000e+04
3.086878356933593750e+02 3.798611328125000000e+04
3.098699035644531250e+02 3.755337109375000000e+04
3.110519104003906250e+02 3.728772656250000000e+04
3.119975585937500000e+02 3.686770703125000000e+04
3.131795959472656250e+02 3.660265234375000000e+04
3.143616333007812500e+02 3.620967578125000000e+04
3.155436706542968750e+02 3.594122656250000000e+04
3.167256774902343750e+02 3.555627343750000000e+04
3.176713256835937500e+02 3.531270703125000000e+04
3.188533325195312500e+02 3.494705468750000000e+04
3.200354003906250000e+02 3.470693359375000000e+04
3.212174072265625000e+02 3.435988281250000000e+04
3.223994750976562500e+02 3.413259375000000000e+04
3.233450622558593750e+02 3.380369140625000000e+04
3.245270996093750000e+02 3.358003906250000000e+04
3.257091369628906250e+02 3.326852343750000000e+04
3.268911743164062500e+02 3.307790234375000000e+04
3.280732116699218750e+02 3.276850000000000000e+04
3.290188293457031250e+02 3.258853906250000000e+04
3.302008972167968750e+02 3.230359570312500000e+04
3.313829040527343750e+02 3.213780468750000000e+04
3.325649108886718750e+02 3.185783007812500000e+04
3.337469787597656250e+02 3.169823632812500000e+04
3.346925659179687500e+02 3.146958984375000000e+04
3.358746337890625000e+02 3.131459570312500000e+04
3.370566406250000000e+02 3.109240039062500000e+04
3.382386779785156250e+02 3.095550195312500000e+04
3.394207458496093750e+02 3.075167187500000000e+04
3.403663330078125000e+02 3.061941601562500000e+04
3.415484008789062500e+02 3.043941015625000000e+04
3.427304077148437500e+02 3.032488085937500000e+04
3.439124755859375000e+02 3.016410937500000000e+04
3.450944824218750000e+02 3.005889062500000000e+04
3.462764892578125000e+02 2.991466015625000000e+04
3.474585571289062500e+02 2.982845507812500000e+04
3.484041748046875000e+02 2.970873242187500000e+04
3.495862121582031250e+02 2.962953320312500000e+04
3.507682495117187500e+02 2.953045312500000000e+04
3.519502868652343750e+02 2.947625976562500000e+04
3.531323242187500000e+02 2.939122265625000000e+04
3.543143310546875000e+02 2.930909765625000000e+04
3.552599792480468750e+02 2.928138671875000000e+04
3.564419860839843750e+02 2.923700390625000000e+04
3.576240539550781250e+02 2.920921679687500000e+04
3.588060607910156250e+02 2.918213671875000000e+04
3.599880676269531250e+02 2.915341406250000000e+04
3.609337158203125000e+02 2.914731054687500000e+04
3.621157531738281250e+02 2.913885742187500000e+04
3.632977905273437500e+02 2.913400585937500000e+04
3.644798278808593750e+02 2.912798046875000000e+04
3.654254760742187500e+02 2.914355468750000000e+04
3.666074829101562500e+02 2.915145898437500000e+04
3.677894897460937500e+02 2.917282421875000000e+04
3.689715576171875000e+02 2.917219726562500000e+04
3.699171447753906250e+02 2.918268554687500000e+04
3.710992126464843750e+02 2.918894531250000000e+04
3.722812194824218750e+02 2.919066796875000000e+04
3.734632873535156250e+02 2.918894531250000000e+04
3.746452941894531250e+02 2.919833789062500000e+04
3.758273315429687500e+02 2.919786914062500000e+04
3.770093688964843750e+02 2.920835546875000000e+04
3.779549865722656250e+02 2.922041015625000000e+04
3.791370544433593750e+02 2.922737500000000000e+04
3.803190612792968750e+02 2.923089843750000000e+04
3.815010681152343750e+02 2.923966406250000000e+04
3.826831359863281250e+02 2.925062304687500000e+04
3.838651428222656250e+02 2.925790234375000000e+04
3.848107910156250000e+02 2.927496679687500000e+04
3.859928283691406250e+02 2.928122851562500000e+04
3.871748657226562500e+02 2.930463476562500000e+04
3.883569030761718750e+02 2.931316796875000000e+04
3.893025512695312500e+02 2.932279687500000000e+04
3.904845581054687500e+02 2.933962890625000000e+04
3.916665649414062500e+02 2.936601367187500000e+04
3.928486328125000000e+02 2.937893164062500000e+04
3.940306396484375000e+02 2.939960156250000000e+04
3.952127075195312500e+02 2.942348242187500000e+04
3.961582946777343750e+02 2.943789062500000000e+04
3.975767211914062500e+02 2.946420117187500000e+04
3.985223693847656250e+02 2.950257226562500000e+04
3.997044067382812500e+02 2.951588476562500000e+04
4.008864440917968750e+02 2.953844140625000000e+04
4.020684814453125000e+02 2.957626953125000000e+04
4.032504882812500000e+02 2.960133398437500000e+04
4.041961364746093750e+02 2.963047265625000000e+04
4.053781433105468750e+02 2.965569726562500000e+04
4.065602111816406250e+02 2.969807812500000000e+04
4.075057983398437500e+02 2.973059179687500000e+04
4.086878662109375000e+02 2.977062695312500000e+04
4.098698730468750000e+02 2.981576171875000000e+04
4.110519104003906250e+02 2.984240429687500000e+04
4.122339477539062500e+02 2.987476953125000000e+04
4.131795654296875000e+02 2.994013281250000000e+04
4.145980224609375000e+02 2.998332226562500000e+04
4.155436401367187500e+02 3.001060156250000000e+04
4.167257080078125000e+02 3.006665234375000000e+04
4.179077148437500000e+02 3.009244531250000000e+04
4.190897216796875000e+02 3.014693750000000000e+04
4.200353698730468750e+02 3.017195117187500000e+04
4.212173767089843750e+02 3.023609765625000000e+04
4.223994445800781250e+02 3.027342773437500000e+04
4.235814514160156250e+02 3.031891992187500000e+04
4.247634887695312500e+02 3.035476562500000000e+04
4.259454956054687500e+02 3.039555664062500000e+04
4.268911437988281250e+02 3.042717187500000000e+04
4.280731506347656250e+02 3.048781835937500000e+04
4.292552490234375000e+02 3.053230859375000000e+04
4.304372863769531250e+02 3.058527734375000000e+04
4.316192932128906250e+02 3.061407812500000000e+04
4.328013000488281250e+02 3.066022656250000000e+04
4.339833374023437500e+02 3.068887500000000000e+04
4.349289855957031250e+02 3.074052539062500000e+04
4.361109924316406250e+02 3.077687304687500000e+04
4.372930908203125000e+02 3.081612695312500000e+04
4.384750976562500000e+02 3.086362695312500000e+04
4.396571350097656250e+02 3.089966796875000000e+04
4.408391418457031250e+02 3.092840820312500000e+04
4.417847900390625000e+02 3.097254296875000000e+04
4.429667968750000000e+02 3.099524023437500000e+04
4.441488037109375000e+02 3.103631640625000000e+04
4.453309326171875000e+02 3.104888476562500000e+04
4.462764892578125000e+02 3.108878710937500000e+04
4.474584960937500000e+02 3.110347656250000000e+04
4.486405944824218750e+02 3.113654882812500000e+04
4.498226013183593750e+02 3.115980273437500000e+04
4.510046386718750000e+02 3.118965820312500000e+04
4.521866455078125000e+02 3.121134375000000000e+04
4.531322937011718750e+02 3.123318554687500000e+04
4.543143005371093750e+02 3.123868554687500000e+04
4.554963073730468750e+02 3.127027343750000000e+04
4.566784362792968750e+02 3.128850390625000000e+04
4.578604431152343750e+02 3.129989843750000000e+04
4.588060913085937500e+02 3.131828906250000000e+04
4.599880981445312500e+02 3.132245312500000000e+04
4.611701049804687500e+02 3.134241406250000000e+04
4.625885925292968750e+02 3.135758398437500000e+04
4.635341491699218750e+02 3.136064843750000000e+04
4.647162475585937500e+02 3.137243750000000000e+04
4.658982543945312500e+02 3.138988476562500000e+04
4.670802917480468750e+02 3.138061132812500000e+04
4.680259399414062500e+02 3.138941406250000000e+04
4.692079467773437500e+02 3.138658398437500000e+04
4.703899536132812500e+02 3.138029687500000000e+04
4.715719909667968750e+02 3.138682031250000000e+04
4.727540893554687500e+02 3.137550195312500000e+04
4.739360961914062500e+02 3.136662109375000000e+04
4.751181030273437500e+02 3.136206250000000000e+04
4.763001403808593750e+02 3.134980273437500000e+04
4.772457885742187500e+02 3.134697265625000000e+04
4.784277954101562500e+02 3.132693359375000000e+04
4.796098022460937500e+02 3.133188476562500000e+04
4.807919006347656250e+02 3.130634375000000000e+04
4.819739379882812500e+02 3.129816992187500000e+04
4.831559448242187500e+02 3.126838867187500000e+04
4.841015930175781250e+02 3.125055078125000000e+04
4.852835998535156250e+02 3.122917773437500000e+04
4.864656066894531250e+02 3.120647070312500000e+04
4.876476440429687500e+02 3.119837890625000000e+04
4.888296508789062500e+02 3.116223828125000000e+04
4.900117492675781250e+02 3.115194726562500000e+04
4.909573059082031250e+02 3.115422460937500000e+04
4.919029541015625000e+02 3.113600000000000000e+04
4.926122436523437500e+02 3.115791796875000000e+04
4.935578002929687500e+02 3.116404492187500000e+04
4.942670898437500000e+02 3.117221679687500000e+04
4.949762573242187500e+02 3.119390039062500000e+04
4.956854553222656250e+02 3.121534960937500000e+04
4.961582946777343750e+02 3.123106445312500000e+04
4.968674621582031250e+02 3.124395117187500000e+04
4.975767517089843750e+02 3.126909570312500000e+04
4.980495910644531250e+02 3.128276757812500000e+04
4.985223999023437500e+02 3.131404492187500000e+04
4.989951477050781250e+02 3.134296484375000000e+04
4.994679565429687500e+02 3.134956640625000000e+04
4.997044067382812500e+02 3.138021875000000000e+04
5.001772460937500000e+02 3.140875000000000000e+04
5.006499633789062500e+02 3.142234765625000000e+04
5.008864440917968750e+02 3.145371093750000000e+04
5.011228027343750000e+02 3.146746679687500000e+04
5.015956115722656250e+02 3.148303125000000000e+04
5.015956115722656250e+02 3.149623828125000000e+04
5.020684509277343750e+02 3.151219726562500000e+04
5.023049011230468750e+02 3.152705664062500000e+04
5.025412597656250000e+02 3.155245117187500000e+04
5.027776489257812500e+02 3.156141406250000000e+04
5.030140991210937500e+02 3.158216992187500000e+04
5.032504577636718750e+02 3.158673046875000000e+04
5.034869079589843750e+02 3.160756835937500000e+04
5.034869079589843750e+02 3.161157812500000000e+04
5.037232971191406250e+02 3.160819726562500000e+04
5.037232971191406250e+02 3.162683203125000000e+04
5.039597473144531250e+02 3.163760546875000000e+04
5.041961059570312500e+02 3.164476171875000000e+04
5.041961059570312500e+02 3.163579687500000000e+04
5.044325561523437500e+02 3.164177343750000000e+04
5.044325561523437500e+02 3.165490429687500000e+04
5.046689453125000000e+02 3.165584960937500000e+04
5.046689453125000000e+02 3.165993750000000000e+04
5.046689453125000000e+02 3.166363476562500000e+04
5.049053039550781250e+02 3.166041015625000000e+04
5.049053039550781250e+02 3.166858789062500000e+04
5.051417541503906250e+02 3.166693750000000000e+04
5.051417541503906250e+02 3.167621679687500000e+04
5.051417541503906250e+02 3.167708203125000000e+04
5.053781127929687500e+02 3.166976757812500000e+04
5.053781127929687500e+02 3.168125000000000000e+04
5.053781127929687500e+02 3.168069921875000000e+04
5.056145935058593750e+02 3.167432812500000000e+04
5.056145935058593750e+02 3.168085546875000000e+04
5.053781127929687500e+02 3.171191992187500000e+04
5.051417541503906250e+02 3.175549218750000000e+04
5.046689453125000000e+02 3.182801562500000000e+04
5.039597473144531250e+02 3.189732226562500000e+04
5.032504577636718750e+02 3.201983203125000000e+04
5.025412597656250000e+02 3.208751171875000000e+04
5.018320922851562500e+02 3.221849023437500000e+04
5.006499633789062500e+02 3.231485546875000000e+04
4.994679565429687500e+02 3.246896679687500000e+04
4.985223999023437500e+02 3.257317773437500000e+04
4.971039428710937500e+02 3.274407031250000000e+04
4.959219055175781250e+02 3.287056250000000000e+04
4.945034484863281250e+02 3.304321093750000000e+04
4.930849609375000000e+02 3.318010546875000000e+04
4.916665954589843750e+02 3.339277734375000000e+04
4.900117492675781250e+02 3.352968750000000000e+04
4.885932922363281250e+02 3.375600000000000000e+04
4.869384460449218750e+02 3.390042968750000000e+04
4.850471496582031250e+02 3.412619531250000000e+04
4.833923034667968750e+02 3.427586328125000000e+04
4.817374572753906250e+02 3.451151562500000000e+04
4.798462524414062500e+02 3.474134375000000000e+04
4.779549560546875000e+02 3.490812109375000000e+04
4.760637512207031250e+02 3.505658984375000000e+04
4.741724548339843750e+02 3.528760546875000000e+04
4.722812500000000000e+02 3.552973437500000000e+04
4.703899536132812500e+02 3.568384765625000000e+04
4.684987487792968750e+02 3.592497265625000000e+04
4.663710937500000000e+02 3.608237500000000000e+04
4.644797973632812500e+02 3.632852343750000000e+04
4.623521423339843750e+02 3.648247265625000000e+04
4.602244567871093750e+02 3.671888671875000000e+04
4.583332519531250000e+02 3.686961328125000000e+04
4.562055969238281250e+02 3.709547265625000000e+04
4.540779418945312500e+02 3.725100390625000000e+04
4.519502868652343750e+02 3.746883593750000000e+04
4.498226013183593750e+02 3.761651953125000000e+04
4.476949462890625000e+02 3.783060546875000000e+04
4.455672912597656250e+02 3.795833593750000000e+04
4.434396362304687500e+02 3.815862890625000000e+04
4.413119506835937500e+02 3.829480078125000000e+04
4.394207458496093750e+02 3.845666015625000000e+04
4.370566406250000000e+02 3.857864453125000000e+04
4.349289855957031250e+02 3.874657031250000000e+04
4.328013000488281250e+02 3.885244140625000000e+04
4.306736450195312500e+02 3.899126562500000000e+04
4.283096008300781250e+02 3.909199609375000000e+04
4.261819458007812500e+02 3.922378515625000000e+04
4.238178710937500000e+02 3.929495703125000000e+04
4.216902160644531250e+02 3.941697656250000000e+04
4.195625610351562500e+02 3.948594140625000000e+04
4.171984863281250000e+02 3.961135937500000000e+04
4.150708007812500000e+02 3.966653515625000000e+04
4.129432067871093750e+02 3.975653515625000000e+04
4.105791320800781250e+02 3.980613671875000000e+04
4.084514465332031250e+02 3.989799609375000000e+04
4.063237915039062500e+02 3.994840625000000000e+04
4.039597167968750000e+02 4.003166406250000000e+04
4.018320617675781250e+02 4.009471484375000000e+04
3.994679870605468750e+02 4.017216015625000000e+04
3.973403320312500000e+02 4.024034375000000000e+04
3.949762878417968750e+02 4.031437109375000000e+04
3.928486328125000000e+02 4.038769140625000000e+04
3.904845581054687500e+02 4.049085156250000000e+04
3.881204833984375000e+02 4.055387890625000000e+04
3.857564086914062500e+02 4.067147265625000000e+04
3.836287536621093750e+02 4.076500781250000000e+04
3.812647094726562500e+02 4.088432812500000000e+04
3.791370544433593750e+02 4.103514062500000000e+04
3.767729797363281250e+02 4.113089843750000000e+04
3.746452941894531250e+02 4.124173437500000000e+04
3.722812194824218750e+02 4.142646093750000000e+04
3.701535644531250000e+02 4.155522656250000000e+04
3.677894897460937500e+02 4.176739843750000000e+04
3.656618652343750000e+02 4.191541796875000000e+04
3.632977905273437500e+02 4.216006640625000000e+04
3.609337158203125000e+02 4.233483984375000000e+04
3.588060607910156250e+02 4.261894921875000000e+04
3.564419860839843750e+02 4.282134765625000000e+04
3.540779113769531250e+02 4.315644140625000000e+04
3.519502868652343750e+02 4.349955078125000000e+04
3.495862121582031250e+02 4.375668750000000000e+04
3.474585571289062500e+02 4.403005078125000000e+04
3.450944824218750000e+02 4.446494140625000000e+04
3.427304077148437500e+02 4.492745312500000000e+04
3.406027526855468750e+02 4.525073046875000000e+04
3.382386779785156250e+02 4.577791015625000000e+04
3.358746337890625000e+02 4.614350390625000000e+04
3.337469787597656250e+02 4.652625781250000000e+04
3.313829040527343750e+02 4.714873828125000000e+04
3.290188293457031250e+02 4.781379296875000000e+04
3.268911743164062500e+02 4.827364843750000000e+04
3.245270996093750000e+02 4.901245312500000000e+04
3.221630554199218750e+02 4.952501171875000000e+04
3.200354003906250000e+02 5.033897656250000000e+04
3.176713256835937500e+02 5.091203906250000000e+04
3.155436706542968750e+02 5.184138281250000000e+04
3.131795959472656250e+02 5.247644140625000000e+04
3.108155212402343750e+02 5.350828125000000000e+04
3.086878356933593750e+02 5.421247265625000000e+04
3.063238220214843750e+02 5.535370703125000000e+04
3.041961669921875000e+02 5.615120312500000000e+04
3.018320922851562500e+02 5.740625000000000000e+04
2.994680175781250000e+02 5.828679687500000000e+04
2.973403320312500000e+02 5.968435156250000000e+04
2.949762573242187500e+02 6.067723828125000000e+04
2.928486328125000000e+02 6.222201953125000000e+04
2.904845581054687500e+02 6.331537890625000000e+04
2.883569030761718750e+02 6.504691796875000000e+04
2.859928283691406250e+02 6.626063281250000000e+04
2.836287536621093750e+02 6.817622656250000000e+04
2.815010986328125000e+02 6.951803125000000000e+04
2.793734436035156250e+02 7.165244531250000000e+04
2.770093994140625000e+02 7.316309375000000000e+04
2.746453247070312500e+02 7.553908593750000000e+04
2.725176696777343750e+02 7.721368750000000000e+04
2.701535949707031250e+02 7.987344531250000000e+04
2.677895202636718750e+02 8.172942968750000000e+04
2.656618652343750000e+02 8.470049218750000000e+04
2.632978210449218750e+02 8.679628906250000000e+04
2.611701660156250000e+02 9.012342187500000000e+04
2.590425109863281250e+02 9.246181250000000000e+04
2.566784362792968750e+02 9.618232031250000000e+04
2.545507659912109375e+02 9.880900000000000000e+04
2.521866912841796875e+02 1.030020625000000000e+05
2.500590209960937500e+02 1.059486640625000000e+05
2.476949462890625000e+02 1.106671953125000000e+05
2.455673217773437500e+02 1.139905000000000000e+05
2.432032470703125000e+02 1.193025390625000000e+05
2.410755920410156250e+02 1.230447265625000000e+05
2.387115173339843750e+02 1.290425859375000000e+05
2.363474426269531250e+02 1.332897500000000000e+05
2.344561920166015625e+02 1.400550156250000000e+05
2.320921173095703125e+02 1.473790312500000000e+05
2.297280883789062500e+02 1.525806875000000000e+05
2.276004180908203125e+02 1.580385000000000000e+05
2.252363433837890625e+02 1.667777812500000000e+05
2.228722686767578125e+02 1.762302656250000000e+05
2.207446136474609375e+02 1.829720937500000000e+05
2.183805389404296875e+02 1.900611406250000000e+05
2.162528686523437500e+02 2.014902031250000000e+05
2.138888397216796875e+02 2.096580000000000000e+05
2.117611846923828125e+02 2.228568906250000000e+05
2.096335144042968750e+02 2.372302031250000000e+05
2.072694396972656250e+02 2.475527812500000000e+05
2.051417846679687500e+02 2.642560625000000000e+05
2.025412902832031250e+02 2.762250312500000000e+05
2.004136199951171875e+02 2.956332187500000000e+05
